# The links inside the communities at k=5
# from /Users/paupericay/Dropbox/MIIACS/Projecte/Programes/Comparador/cfinder/polbooks.dat
# at no lower link weight threshold,
# and at no upper link weight threshold.
# Links were treated as undirected.
# No time limit was set for the clique search.

0:
99 59
99 60
99 62
99 63
59 60
59 62
59 63
60 62
60 63
62 63
1:
3 10
3 11
3 12
3 21
3 13
3 14
3 17
3 20
3 26
3 27
3 24
3 8
3 9
10 11
10 12
10 21
10 8
11 12
11 21
11 13
11 14
11 17
11 20
11 26
11 27
11 47
11 8
11 9
12 13
12 14
12 17
12 47
12 24
12 8
12 9
21 8
13 17
13 47
13 8
14 26
14 8
14 9
17 47
20 24
20 8
20 9
26 8
27 8
27 9
24 8
24 9
8 9
2:
12 33
12 23
12 32
12 8
33 23
33 32
33 8
23 32
23 8
32 8
3:
12 13
12 40
12 44
12 8
13 40
13 44
13 8
40 44
40 8
44 8
4:
100 66
100 73
100 84
100 86
100 99
100 96
77 30
77 31
77 75
77 76
66 72
66 30
66 73
66 74
66 76
66 84
66 86
66 93
66 99
66 88
66 89
66 96
66 97
72 73
72 74
72 75
72 76
72 79
72 82
72 84
72 86
72 78
72 91
72 88
72 89
72 71
30 31
30 73
30 74
30 75
30 76
30 79
30 82
30 83
30 84
30 86
30 93
30 99
31 73
31 74
31 75
31 76
31 82
73 74
73 75
73 82
73 83
73 84
73 86
73 93
73 99
73 89
73 96
73 97
73 71
74 75
74 79
74 82
74 84
74 99
74 78
74 91
74 88
74 71
75 76
75 79
75 82
75 83
75 84
75 78
75 91
75 71
76 82
76 83
76 84
76 86
76 71
79 84
79 91
79 71
82 84
82 71
83 84
84 86
84 99
84 88
84 89
84 96
84 97
86 93
86 89
86 97
93 99
78 71
88 89
96 97
5:
58 51
58 64
58 65
58 69
51 64
51 65
51 69
64 65
64 69
65 69
6:
12 47
12 40
12 41
12 54
27 47
27 40
27 41
27 54
47 40
47 41
47 54
40 41
40 54
41 54
7:
10 12
10 33
10 38
10 39
12 33
12 38
12 39
33 38
33 39
38 39
