# The links inside the communities at k=4
# from /Users/paupericay/Dropbox/MIIACS/Projecte/Programes/Comparador/cfinder/adjnoun.dat
# at no lower link weight threshold,
# and at no upper link weight threshold.
# Links were treated as undirected.
# No time limit was set for the clique search.

0:
1 2
1 102
1 14
1 17
1 51
1 9
2 102
2 14
2 17
2 51
2 9
2 50
2 104
2 25
2 36
2 21
2 24
2 26
2 27
2 31
2 34
2 54
2 66
102 17
102 12
102 50
102 44
102 66
14 17
14 25
14 36
17 28
17 51
17 9
17 12
17 50
17 103
17 104
17 43
17 87
17 15
17 25
17 36
17 37
17 32
17 38
17 21
17 24
17 26
17 27
17 31
17 34
17 44
17 54
17 66
17 7
18 51
18 50
18 21
18 34
18 54
18 53
28 32
28 31
51 50
51 25
51 32
51 38
51 21
51 26
51 31
51 34
51 54
51 66
51 7
9 25
9 24
9 26
12 50
12 104
50 104
50 21
50 44
50 54
50 53
103 104
103 24
103 31
104 15
104 25
104 38
104 24
104 26
104 31
43 36
43 24
87 36
87 24
15 38
15 7
36 24
37 38
37 7
32 31
38 7
21 7
27 54
34 54
54 53
1:
17 43
17 26
17 27
17 80
17 5
43 26
43 27
43 80
43 5
26 80
27 80
27 5
2:
17 87
17 70
17 7
87 70
87 7
70 7
3:
68 75
68 54
68 70
75 54
75 70
54 70
