# The cliques from /Users/paupericay/Dropbox/MIIACS/Projecte/Programes/Comparador/cfinder/protein_.dat
# at no lower link weight threshold,
# and at no upper link weight threshold.
# Links were treated as undirected.
# No time limit was set for the clique search.

0: 104 306 394 
1: 394 109 129 
2: 395 113 398 
3: 120 323 8 
4: 132 243 279 
5: 144 146 33 
6: 276 165 166 
7: 168 170 236 
8: 178 427 56 
9: 178 349 443 
10: 181 213 331 
11: 470 19 319 
12: 196 197 228 
13: 197 202 225 
14: 197 202 226 
15: 197 202 227 
16: 205 207 204 
17: 214 215 218 
18: 223 247 5 
19: 229 231 232 
20: 317 237 400 
21: 356 241 82 
22: 242 244 270 
23: 259 258 32 
24: 259 301 303 
25: 259 302 303 
26: 261 294 260 
27: 268 283 285 
28: 273 62 272 
29: 273 62 278 
30: 484 28 29 
31: 294 324 408 
32: 414 458 309 
33: 320 351 435 
34: 325 371 404 
35: 397 486 378 
36: 38 39 5 
37: 457 385 57 
38: 39 42 5 
39: 397 486 415 
40: 397 486 474 
41: 406 455 462 
42: 72 45 71 
43: 455 461 482 
44: 331 426 60 
45: 66 295 67 
46: 433 455 93 
47: 321 251 29 
48: 101 353 432 
49: 353 432 248 
50: 114 251 469 
51: 251 469 115 
52: 245 243 242 
53: 131 132 46 
54: 132 243 274 
55: 243 274 265 
56: 450 317 188 
57: 346 407 478 17 
58: 171 198 201 
59: 178 349 405 
60: 181 331 340 
61: 181 331 350 
62: 181 403 402 410 
63: 181 403 464 471 
64: 317 188 475 
65: 276 315 21 95 
66: 356 211 297 82 
67: 212 314 334 
68: 212 314 4 
69: 212 312 334 
70: 372 216 68 
71: 23 273 62 
72: 395 235 233 
73: 395 234 233 
74: 395 234 269 425 
75: 243 265 46 
76: 273 62 264 
77: 390 267 310 
78: 280 281 376 
79: 296 66 67 
80: 356 297 380 
81: 31 33 34 
82: 317 475 386 
83: 317 400 401 
84: 400 401 342 
85: 300 387 35 
86: 36 406 50 
87: 325 399 404 
88: 356 355 82 
89: 356 421 82 
90: 441 438 365 
91: 212 312 4 
92: 354 358 51 52 
93: 259 303 53 
94: 433 455 80 
95: 406 455 80 
96: 167 85 86 
97: 406 87 88 
98: 406 87 89 
99: 484 251 29 
100: 206 288 235 
101: 161 121 122 
102: 135 121 122 
103: 117 121 122 
104: 12 311 346 407 478 
105: 205 172 207 
106: 128 181 348 403 
107: 395 390 16 
108: 178 349 56 
109: 181 375 381 
110: 181 381 471 
111: 317 475 440 
112: 475 218 440 
113: 470 222 223 
114: 442 222 223 
115: 368 222 223 
116: 243 240 242 
117: 331 280 281 
118: 280 281 308 
119: 290 327 328 329 330 
120: 428 477 455 
121: 477 50 455 
122: 300 387 69 
123: 300 473 69 
124: 317 480 332 
125: 485 441 449 
126: 485 480 449 
127: 317 480 449 
128: 328 329 320 351 
129: 328 329 339 
130: 339 373 336 
131: 394 379 444 366 
132: 361 39 5 
133: 433 455 91 
134: 406 50 455 91 
135: 372 66 68 
136: 288 235 74 
137: 406 455 87 
138: 457 57 9 
139: 364 456 373 
140: 144 31 33 
141: 145 248 31 
142: 145 31 33 
143: 467 311 346 407 478 15 
144: 470 19 438 
145: 297 424 82 
146: 475 214 218 
147: 317 368 382 
148: 441 438 383 
149: 438 383 454 
150: 438 354 454 
151: 327 328 329 330 351 
152: 3 397 486 
153: 132 243 46 
154: 457 57 8 
155: 0 360 369 481 
156: 104 395 439 
157: 395 439 235 390 
158: 104 395 457 
159: 394 379 113 444 
160: 379 444 234 
161: 467 311 346 407 478 13 
162: 311 346 407 478 13 322 
163: 311 346 407 478 322 14 
164: 441 132 243 
165: 375 437 393 
166: 181 348 403 315 
167: 273 62 63 
168: 252 246 253 254 255 256 257 
169: 31 33 96 
170: 181 348 403 393 7 
171: 104 414 458 
172: 467 311 346 407 478 14 
173: 248 223 5 
174: 181 348 403 460 393 426 
175: 181 348 403 393 426 483 
176: 181 375 393 426 483 
177: 317 475 368 
178: 441 438 354 
179: 394 135 113 444 
180: 395 135 113 
181: 395 113 235 
182: 395 288 235 
183: 414 288 235 
184: 414 235 390 
185: 181 375 331 393 426 
186: 181 348 403 331 393 426 
