# The cliques from /Users/paupericay/Dropbox/MIIACS/Projecte/Programes/Comparador/cfinder/polbooks.dat
# at no lower link weight threshold,
# and at no upper link weight threshold.
# Links were treated as undirected.
# No time limit was set for the clique search.

0: 103 104 67 
1: 3 10 15 16 
2: 11 50 9 
3: 3 12 18 
4: 6 12 18 
5: 28 66 72 
6: 72 73 75 92 
7: 0 1 3 5 
8: 0 1 5 6 
9: 0 2 4 5 
10: 2 5 7 
11: 10 12 15 55 
12: 10 19 55 
13: 4 6 29 
14: 11 13 29 
15: 12 47 46 
16: 12 46 8 
17: 20 57 48 49 
18: 20 48 49 9 
19: 66 72 80 
20: 66 30 80 
21: 72 80 71 
22: 93 102 94 
23: 102 95 94 
24: 58 64 65 68 
25: 101 86 61 
26: 99 59 60 62 63 
27: 73 95 94 
28: 84 86 97 81 
29: 3 10 12 15 
30: 3 10 19 
31: 3 10 11 21 8 
32: 3 21 23 8 
33: 100 101 84 86 
34: 101 84 94 
35: 3 11 12 13 17 
36: 11 12 13 17 47 
37: 12 33 23 32 8 
38: 12 13 32 8 
39: 12 47 36 41 
40: 35 36 34 
41: 12 13 40 44 8 
42: 35 40 44 8 
43: 35 43 8 
44: 13 42 43 8 
45: 3 14 25 
46: 3 22 25 
47: 6 22 25 
48: 22 40 25 
49: 20 24 40 53 
50: 26 24 40 53 
51: 58 52 51 64 
52: 52 9 51 
53: 72 74 75 78 71 
54: 31 74 75 78 
55: 35 37 38 34 
56: 35 38 39 34 
57: 58 51 64 65 69 
58: 58 7 85 
59: 58 65 85 
60: 66 72 85 
61: 66 72 74 84 88 
62: 66 72 84 88 89 
63: 66 72 70 90 
64: 66 99 90 
65: 72 91 90 
66: 72 74 84 87 
67: 74 87 98 
68: 83 84 87 
69: 100 73 98 
70: 100 91 98 
71: 73 74 98 
72: 74 91 98 
73: 0 4 5 6 
74: 11 26 45 47 
75: 11 26 45 8 
76: 11 45 47 9 
77: 11 45 8 9 
78: 26 45 47 40 
79: 26 45 40 8 
80: 12 47 23 54 
81: 12 47 40 41 54 
82: 27 47 23 54 
83: 27 47 40 41 54 
84: 39 40 42 
85: 13 47 40 42 
86: 13 40 42 8 
87: 66 30 67 
88: 66 67 64 
89: 67 64 65 
90: 84 86 60 
91: 84 99 60 62 
92: 100 84 99 62 
93: 66 72 73 84 86 89 
94: 100 66 73 84 96 
95: 66 73 84 96 97 
96: 73 84 96 94 
97: 66 73 84 86 97 
98: 5 6 7 
99: 10 33 37 38 
100: 10 33 37 8 
101: 10 35 37 38 
102: 10 35 37 8 
103: 33 37 47 
104: 10 12 33 38 39 
105: 10 35 38 39 
106: 3 11 22 8 
107: 22 40 8 
108: 58 77 30 
109: 77 30 31 75 76 
110: 77 75 76 71 
111: 66 30 70 
112: 66 70 64 
113: 72 70 75 71 
114: 30 70 75 
115: 66 30 73 86 93 
116: 66 30 73 93 99 
117: 73 93 94 
118: 4 30 31 
119: 12 39 40 
120: 35 39 40 
121: 12 47 41 9 
122: 12 40 41 8 
123: 12 41 8 9 
124: 27 47 41 9 
125: 27 40 41 8 
126: 27 41 8 9 
127: 14 58 7 
128: 58 7 30 
129: 49 72 76 
130: 49 31 76 
131: 100 79 84 
132: 100 79 91 
133: 72 74 75 79 84 
134: 72 74 75 79 91 
135: 72 74 75 79 71 
136: 30 74 75 79 84 
137: 100 73 83 84 
138: 30 73 75 83 84 
139: 30 75 76 83 84 
140: 73 75 83 71 
141: 75 76 83 71 
142: 31 74 75 91 
143: 10 12 33 8 
144: 12 33 47 23 
145: 3 11 12 14 8 9 
146: 3 11 14 26 8 
147: 3 26 24 8 
148: 26 47 24 40 
149: 26 24 40 8 
150: 3 11 27 8 9 
151: 3 27 23 8 
152: 11 27 47 9 
153: 3 12 23 8 
154: 3 12 24 8 9 
155: 3 20 24 8 9 
156: 12 47 24 40 
157: 12 47 24 9 
158: 12 24 40 8 
159: 20 24 40 8 
160: 72 73 74 75 82 84 
161: 72 73 74 75 82 71 
162: 72 75 76 82 84 
163: 72 75 76 82 71 
164: 30 31 73 74 75 82 
165: 30 31 75 76 82 
166: 30 73 74 75 82 84 
167: 30 75 76 82 84 
168: 3 11 20 8 9 
169: 6 10 12 
170: 100 66 73 84 86 
171: 100 66 73 84 99 
172: 66 30 73 74 84 99 
173: 3 11 12 13 8 
174: 12 13 47 40 
175: 66 72 76 84 86 
176: 66 30 76 84 86 
177: 66 30 73 84 86 
178: 3 10 11 12 8 
179: 11 12 47 9 
180: 66 72 73 74 84 
