# The cliques from /Users/paupericay/Dropbox/MIIACS/Projecte/Programes/Comparador/cfinder/adjnoun.dat
# at no lower link weight threshold,
# and at no upper link weight threshold.
# Links were treated as undirected.
# No time limit was set for the clique search.

0: 17 31 86 
1: 2 17 93 
2: 0 1 2 
3: 0 2 3 
4: 46 104 25 
5: 14 13 16 
6: 14 16 68 
7: 17 25 77 
8: 50 54 78 
9: 10 12 50 
10: 17 51 67 
11: 17 87 67 
12: 63 43 27 
13: 2 17 98 
14: 2 11 98 
15: 17 98 43 
16: 98 43 81 
17: 2 17 22 
18: 2 45 22 
19: 2 17 83 
20: 17 43 83 
21: 17 87 83 
22: 24 47 49 
23: 51 59 49 
24: 51 68 49 
25: 68 24 49 
26: 104 84 33 
27: 43 39 5 
28: 1 2 45 
29: 2 45 73 
30: 17 12 88 
31: 17 88 15 
32: 17 88 25 
33: 88 15 48 
34: 88 25 48 
35: 102 17 13 
36: 14 17 13 
37: 17 13 15 
38: 14 59 71 
39: 17 28 35 
40: 17 51 35 
41: 17 104 35 
42: 104 48 35 
43: 17 103 65 
44: 17 87 65 
45: 17 65 84 
46: 17 104 84 
47: 102 50 53 
48: 18 50 54 53 
49: 28 30 92 
50: 51 25 30 
51: 28 89 92 
52: 43 80 81 
53: 51 32 6 
54: 51 6 7 
55: 32 52 6 
56: 32 5 6 
57: 51 106 7 
58: 76 80 106 
59: 2 11 104 
60: 2 14 105 
61: 2 104 105 
62: 2 105 23 
63: 2 14 17 36 
64: 2 17 36 24 
65: 17 43 36 24 
66: 17 87 36 24 
67: 2 17 51 34 54 
68: 17 28 34 
69: 18 51 34 54 
70: 102 17 50 44 
71: 17 28 44 
72: 17 43 44 
73: 18 50 44 
74: 18 43 44 
75: 17 50 52 
76: 17 32 52 
77: 17 27 52 
78: 2 102 17 66 
79: 2 17 51 66 
80: 17 43 66 
81: 17 66 72 
82: 17 37 72 
83: 17 54 72 
84: 17 72 80 
85: 37 59 72 
86: 17 28 89 
87: 17 9 89 
88: 2 41 42 
89: 2 51 42 
90: 2 9 42 
91: 17 43 27 5 
92: 17 32 5 
93: 1 2 41 
94: 2 3 41 
95: 2 41 25 
96: 2 41 31 
97: 3 41 43 
98: 41 43 31 
99: 17 43 26 80 
100: 17 43 27 80 
101: 76 27 80 
102: 2 51 23 
103: 51 59 23 
104: 43 59 23 
105: 2 3 51 
106: 2 3 9 
107: 3 18 51 
108: 3 18 43 
109: 17 103 104 24 
110: 17 103 104 31 
111: 17 103 37 
112: 17 103 27 
113: 17 51 38 7 
114: 17 104 15 38 
115: 17 15 38 7 
116: 17 37 38 7 
117: 1 2 102 17 
118: 2 102 17 50 
119: 102 17 12 50 
120: 102 17 70 
121: 17 9 12 
122: 17 12 50 104 
123: 17 12 43 
124: 17 12 87 
125: 18 12 50 
126: 18 12 43 
127: 17 87 27 
128: 17 87 70 7 
129: 14 17 37 
130: 14 37 59 
131: 17 28 32 31 
132: 17 51 32 31 
133: 17 15 32 
134: 17 32 70 
135: 50 104 48 
136: 50 48 21 
137: 104 15 48 
138: 104 25 48 
139: 43 15 48 
140: 43 48 21 
141: 15 48 76 
142: 15 75 76 
143: 15 75 7 
144: 68 75 24 
145: 68 75 54 70 
146: 75 76 24 
147: 75 70 7 
148: 2 17 51 50 21 
149: 17 28 21 
150: 17 51 21 7 
151: 17 43 21 
152: 18 51 50 21 
153: 18 43 21 
154: 2 17 51 26 
155: 2 17 9 26 
156: 2 17 104 26 
157: 51 68 26 
158: 1 2 14 17 
159: 2 14 17 25 
160: 14 25 59 
161: 17 43 15 
162: 51 68 54 
163: 68 27 54 
164: 2 17 51 31 
165: 2 17 104 31 
166: 17 43 31 
167: 17 43 70 
168: 17 54 70 
169: 43 59 70 
170: 1 17 28 
171: 51 25 59 
172: 9 25 59 
173: 104 25 59 
174: 2 17 51 50 54 
175: 2 17 27 54 
176: 18 51 50 54 
177: 1 2 17 51 
178: 1 2 17 9 
179: 1 18 51 
180: 2 17 51 25 
181: 2 17 9 25 
182: 2 17 104 25 
183: 2 17 50 104 
184: 2 17 9 24 
185: 2 17 104 24 
