# The links inside the communities at k=4
# from /Users/paupericay/Dropbox/MIIACS/Projecte/Programes/Comparador/cfinder/protein_.dat
# at no lower link weight threshold,
# and at no upper link weight threshold.
# Links were treated as undirected.
# No time limit was set for the clique search.

0:
467 311
467 346
467 407
467 478
467 13
467 14
467 15
12 311
12 346
12 407
12 478
311 346
311 407
311 478
311 13
311 322
311 14
311 15
346 407
346 478
346 13
346 322
346 14
346 15
346 17
407 478
407 13
407 322
407 14
407 15
407 17
478 13
478 322
478 14
478 15
478 17
13 322
322 14
1:
181 403
181 402
181 410
403 402
403 410
402 410
2:
181 403
181 464
181 471
403 464
403 471
464 471
3:
276 315
276 21
276 95
315 21
315 95
21 95
4:
356 211
356 297
356 82
211 297
211 82
297 82
5:
395 234
395 269
395 425
234 269
234 425
269 425
6:
354 358
354 51
354 52
358 51
358 52
51 52
7:
128 181
128 348
128 403
181 348
181 403
181 375
181 460
181 315
181 331
181 393
181 426
181 483
181 7
348 403
348 460
348 315
348 331
348 393
348 426
348 483
348 7
403 460
403 315
403 331
403 393
403 426
403 483
403 7
375 331
375 393
375 426
375 483
460 393
460 426
331 393
331 426
393 426
393 483
393 7
426 483
8:
290 327
290 328
290 329
290 330
327 328
327 329
327 330
327 351
328 329
328 330
328 320
328 351
329 330
329 320
329 351
330 351
320 351
9:
394 379
394 135
394 113
394 444
394 366
379 113
379 444
379 366
135 113
135 444
113 444
444 366
10:
406 50
406 455
406 91
50 455
50 91
455 91
11:
0 360
0 369
0 481
360 369
360 481
369 481
12:
395 439
395 235
395 390
439 235
439 390
235 390
13:
252 246
252 253
252 254
252 255
252 256
252 257
246 253
246 254
246 255
246 256
246 257
253 254
253 255
253 256
253 257
254 255
254 256
254 257
255 256
255 257
256 257
