# The cliques from /Users/paupericay/Dropbox/MIIACS/Projecte/Programes/Comparador/cfinder/football.dat
# at no lower link weight threshold,
# and at no upper link weight threshold.
# Links were treated as undirected.
# No time limit was set for the clique search.

0: 18 34 42 
1: 26 34 42 
2: 26 43 42 
3: 11 97 5 
4: 98 97 5 
5: 97 58 63 59 
6: 97 63 112 
7: 12 18 36 
8: 12 36 43 
9: 18 36 19 
10: 36 58 59 
11: 113 76 59 
12: 76 66 59 
13: 0 23 90 
14: 90 11 24 28 50 69 
15: 90 11 5 
16: 4 28 69 
17: 28 50 78 
18: 50 68 51 78 
19: 12 14 26 38 43 85 
20: 14 85 99 
21: 43 85 31 
22: 85 99 31 
23: 65 27 63 
24: 0 1 33 
25: 1 33 103 105 109 25 37 45 89 
26: 0 104 16 23 4 41 9 93 
27: 104 16 41 67 
28: 41 9 8 
29: 93 80 82 
30: 93 80 91 
31: 35 101 19 29 30 55 79 94 
32: 105 37 80 
33: 105 45 62 
34: 57 92 75 112 
35: 57 92 75 48 86 
36: 57 92 91 112 
37: 57 92 91 48 86 
38: 57 44 75 112 
39: 57 44 75 48 86 
40: 57 44 91 112 
41: 57 44 91 48 86 
42: 10 102 107 72 
43: 10 102 107 98 
44: 10 102 72 74 
45: 10 107 72 81 
46: 10 107 81 84 98 5 
47: 10 11 5 
48: 10 74 84 5 
49: 102 107 72 40 
50: 102 107 98 40 
51: 102 72 74 3 40 52 
52: 102 98 40 52 
53: 107 72 81 40 
54: 107 81 98 40 
55: 11 3 5 
56: 4 9 108 
57: 9 108 22 
58: 108 111 68 21 51 
59: 108 111 68 21 7 
60: 108 111 68 51 78 
61: 108 111 68 78 7 
62: 108 111 21 51 77 
63: 108 111 21 77 7 
64: 108 111 51 77 78 
65: 108 111 77 78 7 
66: 108 68 21 22 51 
67: 108 68 21 22 7 
68: 108 68 22 51 78 
69: 108 68 22 78 7 
70: 108 21 22 51 77 
71: 108 21 22 77 7 
72: 108 22 51 77 78 
73: 108 22 77 78 7 
74: 12 18 34 
75: 12 18 38 
76: 12 26 34 
77: 14 38 54 71 
78: 14 15 2 
79: 14 54 71 99 
80: 26 34 61 
81: 26 43 61 
82: 18 34 54 71 99 31 61 
83: 18 38 54 71 
84: 38 39 54 
85: 54 31 55 
86: 65 17 113 20 87 96 
87: 65 113 20 70 
88: 17 113 87 95 
89: 113 20 96 76 
90: 113 20 70 76 
91: 113 95 70 76 
92: 114 58 88 
93: 27 17 62 95 
94: 27 62 95 70 76 56 
95: 69 95 70 
96: 17 62 87 95 
97: 62 87 95 56 
98: 65 27 17 96 
99: 65 27 96 56 
100: 65 87 96 56 
101: 27 96 76 56 
102: 35 34 94 
103: 29 30 94 82 
104: 29 79 94 80 
105: 29 94 80 82 
106: 92 75 66 112 
107: 92 75 66 48 86 
108: 20 75 76 
109: 44 75 66 112 
110: 44 75 66 48 86 
111: 75 76 66 
112: 65 27 70 56 
113: 74 84 3 5 52 
114: 84 98 5 52 
115: 92 66 91 112 
116: 44 66 91 112 
117: 23 9 22 
118: 23 111 78 
119: 23 22 78 
120: 35 19 30 44 
121: 9 22 8 
122: 109 30 79 
123: 60 13 106 15 39 
124: 60 13 106 15 2 
125: 60 13 106 64 2 
126: 60 106 39 6 
127: 60 106 64 2 6 
128: 60 15 39 47 
129: 60 15 47 2 
130: 60 39 47 6 
131: 60 64 47 2 6 
132: 72 74 2 3 
133: 72 81 3 40 
134: 81 84 3 5 
135: 81 84 83 
136: 84 49 83 
137: 100 13 15 32 39 
138: 100 13 15 2 
139: 100 13 32 64 
140: 100 13 64 2 
141: 100 15 32 39 47 
142: 100 15 47 2 
143: 100 32 39 47 6 
144: 100 32 64 47 6 
145: 100 39 82 
146: 100 64 47 2 6 
147: 104 114 67 
148: 114 110 67 46 53 49 73 83 88 
149: 111 68 21 51 8 
150: 111 68 21 7 8 
151: 111 68 51 78 8 
152: 111 68 78 7 8 
153: 111 21 46 
154: 111 21 51 77 8 
155: 111 21 77 7 8 
156: 111 51 77 78 8 
157: 111 77 78 7 8 
158: 69 83 88 
159: 13 106 15 32 39 
160: 13 106 32 64 
161: 17 20 62 87 
162: 43 31 61 
163: 43 31 79 
164: 106 15 92 
165: 106 32 39 6 
166: 106 32 64 6 
167: 68 21 22 51 8 
168: 68 21 22 7 8 
169: 68 22 51 78 8 
170: 68 22 78 7 8 
171: 92 66 91 48 86 
172: 20 62 70 76 
173: 31 55 79 
174: 29 80 91 
175: 44 66 91 48 86 
176: 21 22 51 77 8 
177: 21 22 77 7 8 
178: 22 51 77 78 8 
179: 22 77 78 7 8 
180: 77 82 7 
181: 77 73 7 
182: 80 91 86 
183: 53 49 48 
184: 53 48 86 
