# The links inside the communities at k=6
# from /Users/paupericay/Dropbox/MIIACS/Projecte/Programes/Comparador/cfinder/protein_.dat
# at no lower link weight threshold,
# and at no upper link weight threshold.
# Links were treated as undirected.
# No time limit was set for the clique search.

0:
467 311
467 346
467 407
467 478
467 13
467 14
467 15
311 346
311 407
311 478
311 13
311 322
311 14
311 15
346 407
346 478
346 13
346 322
346 14
346 15
407 478
407 13
407 322
407 14
407 15
478 13
478 322
478 14
478 15
13 322
322 14
1:
252 246
252 253
252 254
252 255
252 256
252 257
246 253
246 254
246 255
246 256
246 257
253 254
253 255
253 256
253 257
254 255
254 256
254 257
255 256
255 257
256 257
2:
181 348
181 403
181 460
181 331
181 393
181 426
181 483
348 403
348 460
348 331
348 393
348 426
348 483
403 460
403 331
403 393
403 426
403 483
460 393
460 426
331 393
331 426
393 426
393 483
426 483
