# The contained cliques in the communities at k=3
# from /Users/paupericay/Dropbox/MIIACS/Projecte/Programes/Comparador/cfinder/football.dat
# at no lower link weight threshold,
# and at no upper link weight threshold.
# Links were treated as undirected.
# No time limit was set for the clique search.

0: 0 1 74 82 2 76 80 19 81 8 20 21 75 77 7 9 22 79 83 84 162 163 173 31 85 102 103 104 105 120 122 174 30 182 29 37 41 171 175 34 35 36 39 40 107 110 115 184 38 106 109 116 111 12 108 11 89 90 91 86 87 101 172 88 96 98 99 100 161 93 97 94 95 112 23 183 148 92 136 147 158 135 46 134 4 42 43 45 47 48 50 53 54 113 114 3 15 55 14 16 17 18 58 60 61 64 66 68 69 72 149 151 152 156 167 169 170 178 59 62 63 65 67 70 71 150 153 154 155 168 176 73 157 177 57 119 179 180 181 56 117 121 26 13 27 28 118 44 49 51 132 133 52 
1: 5 6 10 
2: 24 25 32 33 
3: 78 124 129 138 142 123 125 126 127 128 131 137 140 159 160 164 130 141 165 143 144 146 139 145 166 
