# The links inside the communities at k=3
# from /Users/paupericay/Dropbox/MIIACS/Projecte/Programes/Comparador/cfinder/football.dat
# at no lower link weight threshold,
# and at no upper link weight threshold.
# Links were treated as undirected.
# No time limit was set for the clique search.

0:
0 104
0 16
0 23
0 4
0 41
0 9
0 90
0 93
104 16
104 23
104 4
104 41
104 9
104 93
104 114
104 67
16 23
16 4
16 41
16 9
16 93
16 67
23 4
23 41
23 9
23 90
23 93
23 111
23 22
23 78
35 101
35 34
35 19
35 29
35 30
35 44
35 55
35 79
35 94
4 41
4 9
4 93
4 108
4 28
4 69
41 9
41 93
41 67
41 8
65 27
65 17
65 113
65 20
65 87
65 96
65 70
65 56
65 63
9 93
9 108
9 22
9 8
90 11
90 24
90 28
90 50
90 69
90 5
93 80
93 82
93 91
101 19
101 29
101 30
101 55
101 79
101 94
109 30
109 79
27 17
27 62
27 95
27 96
27 70
27 76
27 56
27 63
57 92
57 44
57 75
57 91
57 112
57 48
57 86
10 102
10 107
10 11
10 72
10 74
10 81
10 84
10 98
10 5
102 107
102 72
102 74
102 98
102 3
102 40
102 52
107 72
107 81
107 84
107 98
107 40
107 5
11 24
11 28
11 50
11 69
11 97
11 3
11 5
72 74
72 81
72 2
72 3
72 40
72 52
74 84
74 2
74 3
74 40
74 5
74 52
81 84
81 98
81 3
81 40
81 5
81 83
84 98
84 3
84 5
84 52
84 49
84 83
98 97
98 40
98 5
98 52
114 110
114 67
114 58
114 46
114 53
114 49
114 73
114 83
114 88
108 111
108 68
108 21
108 22
108 51
108 77
108 78
108 7
111 68
111 21
111 46
111 51
111 77
111 78
111 7
111 8
24 28
24 50
24 69
28 50
28 69
28 78
50 69
50 68
50 51
50 78
69 95
69 70
69 83
69 88
97 5
110 67
110 46
110 53
110 49
110 73
110 83
110 88
12 14
12 18
12 26
12 34
12 36
12 38
12 43
12 85
14 26
14 38
14 43
14 85
14 54
14 71
14 99
17 113
17 20
17 62
17 87
17 95
17 96
18 34
18 36
18 38
18 54
18 71
18 99
18 19
18 31
18 42
18 61
26 34
26 38
26 43
26 85
26 42
26 61
34 54
34 71
34 99
34 31
34 42
34 61
34 94
36 43
36 19
38 43
38 85
38 39
38 54
38 71
43 85
43 31
43 42
43 61
43 79
85 99
85 31
39 54
54 71
54 99
54 31
54 61
54 55
71 99
71 31
71 61
99 31
99 61
68 21
68 22
68 51
68 78
68 7
68 8
92 75
92 66
92 91
92 112
92 48
92 86
67 46
67 53
67 49
67 73
67 83
67 88
113 20
113 87
113 95
113 96
113 70
113 76
113 59
20 62
20 87
20 96
20 70
20 75
20 76
58 88
62 87
62 95
62 70
62 76
62 56
87 95
87 96
87 56
95 70
95 76
95 56
96 76
96 56
19 29
19 30
19 44
19 55
19 79
19 94
31 61
31 55
31 79
29 30
29 55
29 79
29 94
29 80
29 82
29 91
30 44
30 55
30 79
30 94
30 82
44 75
44 66
44 91
44 112
44 48
44 86
55 79
55 94
79 94
79 80
94 80
94 82
2 3
3 40
3 5
3 52
21 22
21 46
21 51
21 77
21 7
21 8
70 76
70 56
75 76
75 66
75 112
75 48
75 86
76 66
76 56
76 59
22 51
22 77
22 78
22 7
22 8
46 53
46 49
46 73
46 83
46 88
51 77
51 78
51 8
77 78
77 82
77 73
77 7
77 8
78 7
78 8
66 91
66 59
66 112
66 48
66 86
53 49
53 48
53 86
53 73
53 83
53 88
80 82
80 91
80 86
82 7
91 112
91 48
91 86
40 52
5 52
49 48
49 73
49 83
49 88
48 86
73 83
73 88
73 7
83 88
7 8
1:
97 58
97 63
97 59
97 112
36 58
36 59
58 63
58 59
63 59
63 112
2:
0 1
0 33
1 33
1 103
1 105
1 109
1 25
1 37
1 45
1 89
33 103
33 105
33 109
33 25
33 37
33 45
33 89
103 105
103 109
103 25
103 37
103 45
103 89
105 109
105 25
105 37
105 45
105 89
105 62
105 80
109 25
109 37
109 45
109 89
25 37
25 45
25 89
37 45
37 89
37 80
45 89
45 62
3:
60 13
60 106
60 15
60 39
60 64
60 47
60 2
60 6
100 13
100 15
100 32
100 39
100 64
100 47
100 2
100 6
100 82
13 106
13 15
13 32
13 39
13 64
13 2
14 15
14 2
106 15
106 32
106 39
106 64
106 92
106 2
106 6
15 32
15 39
15 47
15 92
15 2
32 39
32 64
32 47
32 6
39 47
39 6
39 82
64 47
64 2
64 6
47 2
47 6
2 6
