Nom de la xarxa :celegansneural 

IGRAPH D--- 297 2359 --
+ attr: id (v), label (v), value (e)
+ vertex attributes:
+ edges:
  0 ->   1   2   3   4   5   6   7   8   9
  1 ->   7  10  12  72  74  84 115 129 130 131
  2 ->   4   8  12  67  86 118 125 151 152 153 154 155 156 157 158 159 160 161
162 163 164 165 166 167 168 169 173 175 176 177 178 179 180 181 182 183 184
185 186
  3 ->  12 117 125 151 154 155 159 160 161 162 168 173 178 179 180 182 186 189
195 196 197
  4 ->   2 118 151 154 155 159 160 161 162 168 172 173 174 178 179 180 182 189
195 196 197
  5 ->   3   8  10  11  12  13  14
  6 ->  23  25  27  34  35  43  46  47  48  50  72  73  74  75  77  88  94
  7 ->   1   2   3   6  59  73
  8 ->   3   4   5  14  36 102 103 108 193 213 214 235
  9 ->   4   5   7  24 103 108 213 218 236
 10 ->  13  14 102 124 138 142 208
 11 ->   3  12  13  14 118
 12 ->   2   3  16  84 117 151 152 153 154 155 156 157 158 159 160 161 162 163
164 165 166 167 168 168 169 170 171 172 173 174 175 176 177 178 179 180 181
182 183
 13 ->   6  23  34  35  43  46  47  48  73  74  75  77  88 209
 14 ->   3   4  11  12  13  75  86 114 118
 15 ->   4  16  17  18  19  20  21  22  23  24  25  26
 16 ->   1   2  12  19  22  73  84  92  98 113 114 115 116 117 118 119 120
 17 ->  22  23  41  44  53
 18 ->   4  14  15  17  23  35  43  47  51  71  72  73  74  75  76
 19 ->  17  20  22  46  59  70  80
 20 ->   2  12  73  74  75  89 130 132 209 210
 21 ->   2  12  73  74  75  77  85 106
 22 ->  55
 23 ->  44  46
 24 ->  44  48
 25 -> 190
 26 ->  22  44  49  51  64
 27 ->   3  20  21  28  29  30  31  32  33  34  35  36  37  38  39
 28 -> 114 122
 29 ->  30  33  35  44  50
 30 ->   6  29  32  33  38  49  51  52  59  64
 31 ->   3   4   7  27  29  35  45  46  47  48  49  58  66  73  74  75  77
 32 ->  21  29  30  33  43  49  59  81
 33 ->  68
 34 ->   6  13  37  43  44  47  72  74 112
 35 ->  43  44
 36 ->  44  49  93
 37 -> 190
 38 ->  33  43  44  49  50  64
 39 ->
 40 ->  22  41  42  43  44
 41 ->   4  23  40  43  44  46  47  48  49
 42 ->  17  22  29  33  40  45  84  86  98 119 137 167 168 172 173 185 218 232
 43 ->   6  23  35  44
 44 ->
 45 ->  33  44  46
 46 ->  23  44  79
 47 ->   6  13  31  35  44  48 214
 48 ->   6  13  23  44  47 213
 49 ->  44
 50 ->   3  23  35  43  44  45  46  47  48  51  52
 51 ->  44
 52 ->   4   6   9  21  32  33  37  48  84  86  99
 53 ->   4  13  14  17  23  46  59  75  78  86  90
 54 ->  11  14  22  40  49  51  55  56
 55 ->  21  35  78
 56 ->  22  35  40  44  51
 57 ->  21  33  45  49  51  58  59  60  61
 58 ->   3   7  20  21  23  24  31  45  46  50  61  68  69  82  85  87  88  95
 59 ->   5   6   7  13  14  15  19  22  27  32  33  39  49  55  58  64  66  68
71  91  99 102 105 108
 60 ->   7  14  44
 61 ->  33  44  46  49  60  82
 62 ->   3  19  20  41  47  48  49  55  59  63  64  65
 63 ->   2   3   8   9  12  13  18  24  34  41  47  59  62  71  81  83  85  93
94 101 129 209 215 225
 64 ->  44  74
 65 ->   3   8  11  13  20  84  98
 66 ->  31  32  38  47  50  51  59  64  67  68  69
 67 ->   2   4   8   9  12  31  48  58  59  63  87  98 106 118 129 212 218 224
 68 ->  20  21  23  36  79
 69 ->  21  37  47  48  50  52  58  66  86  87  88  89
 70 ->   5  13  17  19  22  26  49  51  59  64
 71 ->   4  14  18  20  21  22  36  40  41  43  55  56  76  83  89  90  93  94
 72 ->   2  18  93 114 130 132 214
 73 ->   6  13  44  75
 74 ->   6  13  44
 75 ->   6  13  23  44  73 209
 76 ->   4  14  35  43  73  74
 77 ->   6  13  34  35  42  44  74
 78 -> 190
 79 -> 190
 80 -> 190
 81 -> 190
 82 ->   3   4   7  23  46  73  74
 83 ->  21  25  35  41  65  71  84  85
 84 ->   2   4  86 118 142 151 152 155 156 157 158 163 175 180 187 188 189 190
 85 ->  12  44  60 211
 86 ->   3  12  84 117 151 152 155 156 157 158 163 175 180 187 188 189 190 191
 87 ->   2   4  43  44  46  47  48  52  86 103 106 109 117 119 236
 88 -> 190
 89 ->   2  44  60 212
 90 ->   3   4   7  14  15  23  27  31  47  48  58  71  73  74  75  77  91 130
132 187 213 218
 91 ->   3   6   7  12  23  29  35  43  77  78  79
 92 ->   3   4  39  39  48
 93 ->   3  12  25  36  43  44  47  48  65  71  78  86 101 104 114 141 216 235
 94 -> 190
 95 ->  12  61  63  67  72 119 125 142 172 198 204 207 240 241
 96 ->  44  60  97
 97 ->  44 166 221 227
 98 ->   2   3  84  86 118 119 125 145 172 186 191 198 202 206 207
 99 ->   2   4   6   7  52 107
100 ->  11  13  19 101 102 103 104
101 ->   1   2   3  22  22  77  84  86  98 114 132 224
102 ->   1   4  13  59  89 100 104 113 114 132 135 136 137
103 ->   5   6  11  13  52  65 102 108 137 191 201
104 ->  44  64 131 222
105 ->   6   9  52  89  99 103 106 107 108 109 110 111 112
106 ->   3  33  75  84  86 119 130 209
107 ->   6   7 105 108 139 191
108 ->   1   3   4   6  85 112 114 122 130 137
109 ->   2   4   6  86  87 105 106 111 114 117 118 122 142
110 ->   6  28  86 103 105 108 112
111 ->   2   3   6   9  12  84  86 105 125 130 145 172 187 190 193 198 201 233
112 ->  44  64  72 223
113 ->   1 101 102 115 124 140 141 149 191 215
114 ->   2   3  13  14  73  86 130 131 132 133
115 ->   1  10 107 113 114 122 124 126 128 138 139
116 ->   1  12  13  22  84 100 103 113 117 118 132 141
117 ->  12  84 118 125 151 152 153 156 157 159 160 161 162 163 166 167 170 173
176 178 179 181 182 186 192 193 194
118 ->   2  86 117 151 152 153 156 157 159 160 161 162 163 166 167 172 173 174
176 178 179 181 182 184 192 193 194
119 ->   4  12  84  86  90 117 123 125 142 148 172 174 199 204 205
120 ->  13  84  85 100 102 114
121 ->   2  20  21  31  84  86  98 109 114 115 117 118 122 123 124 125
122 -> 106 108 114 115 121 124 139 205
123 ->   8  84  89  98 103 104 118 119 121 145 198 200 201 202 203
124 ->   1  10 107 114 121 122 138
125 ->   2   3   4  12  42  78  84  86  90  96 117 118 119 137 151 154 160 168
169 171 172 184 187 192 232 253 254 256 262 263 264 265 266 267
126 ->  10 127
127 ->   1   5  14  39  96 113 115 126
128 -> 107 115
129 ->   1   2  12  63  67  84  86 114 117 118 137 224
130 ->   1   7  12  44  47  48  73  74  84  86  90 106 119 210 211 212 213
131 ->   1  12  93 130 132
132 ->  12  14  44  47  48  72  74  77  84  86  90 210 211 212
133 ->  44  72 114 131 132 173 178 179 196 197 200 214 219
134 ->   0   7  14  28  39  99 128 135
135 ->   1   6  10 105 107 113 114 124 138
136 ->   1  10 102 115 124 135 138 141
137 ->   3   4   6  11  12  13  42  72  84  85  89  99 102 103 104 112 125 130
133 168 169 177 185 192 201 211 212 232 253 254
138 ->   1  10  12  13 113 114 122
139 -> 103 105 107 108 110 115 128 135 205
140 ->   1 113 127 141
141 ->   1 113 144 149
142 ->   1  44  44  87  95 102 108 114 116 117 119 120 130 148 157 163 164 169
173 181 182 186 191 202 204 205 238 244 245
143 -> 109 122 124 135 138
144 -> 141 145
145 ->  39  93 113 141 144 187 191 193 195 200 219
146 -> 142 147 148
147 -> 114 122 139 150
148 ->  39 122 142 147 187 193 195 199 200 205 219
149 ->   4  39  39  86 104 113 117 118 119 123 140 141 145 198 199 202 215 216
150 ->  28  39  87  98 118 122 142 146 147 191 199 202 205
151 ->  44 159 200
152 ->  44 165 249 268
153 ->  44 161 166 167 227 249
154 ->  44 160 197
155 ->  44 161 189 197
156 ->  44 189 231
157 ->  44 162 231 234
158 ->  44 163 234 269
159 ->  44 197 200
160 ->  44 189 197 200 219
161 ->  44 162 189 231 233
162 ->  44 163 231 234 269 275
163 ->  44 164 269 271 276
164 ->  44 165 268 273 276
165 ->  44  97 166 227 249
166 ->  44  97 167 221 227
167 ->  44  97 221 227
168 ->  44 156 189 231 233 234 269 275
169 ->  44 234 269 270 271 272 273 276 277
170 ->   2  12 117 118 119 207 255 256
171 ->  42 125 137 185 190 213 217 246
172 ->   2   3   4  12  42  79  84  86  96 117 118 125 129 137 151 154 160 168
169 170 185 187 192 201 220 232 253 254 262 263 264 265 266 267
173 -> 178
174 -> 190
175 ->  44 176 277
176 ->  44  97 177 227 249
177 ->  44  97 125 153 166 167 170 172 176 183 221 253
178 ->  44 179 197 200 219
179 ->  44 180 189 197 219 233
180 ->  44 181 231 233
181 ->  44 182 231 234 275
182 ->  44 188 275
183 ->  44 177
184 ->   2  12  42  98 117 118 172 194 256
185 ->  42 137 171 172 190 217 218 246
186 -> 190
187 ->   4  44  97 111 151 160 173 174 199 219 220 221
188 ->  44 269 271 276 279
189 ->  44 155 237
190 ->
191 ->  44  44 102 108 109 110 113 116 117 119 120 132 141 142 146 157 163 173
182 186 202 215 238 244
192 ->  44 157 158 231 234 269 271 275 276
193 ->   1   2   8   9  12  14  84 114 195 210 213 214 218
194 ->   2  12 118 170 204 226
195 ->   1   8   9  44  59  64  85  97  97 111 114 166 187 190 193 210 213 214
218 250
196 ->  44 133 178 200 219
197 ->  44 155 237
198 ->  85  86  98 103 105 110 111 112 117 119 123 130 148 199 200
199 ->  44  84  86 119 123 142 145 185 187 202 226 227
200 ->  44 196 219
201 ->   0   2   5   6  12  13  65  84  86 117 118 119 125 137 172 203
202 ->  44  84  98 123 133 145 171 187 191 199 226 227
203 ->   2   4   8  12  84  86 101 118 123 148 172 187 190 193 201 233
204 ->   2   4  44  86  95  98 118 119 172 187 189 190 194 199 205 207 219 220
221 225 226 231 233 238 245 252
205 ->  33  84  86  98 109 111 119 125 130 142 172 198 202
206 ->  42  67  78  84  86  95  96  98 125 159 159 172 225
207 ->   2   4  44  86  95  98 118 119 172 187 189 190 194 199 204 205 219 221
226 231 233 238 245 252 256
208 ->  10 101 102 120 126 135 140
209 ->   6  13  23  25  44  46  48  64  73  75 131
210 ->  44  48 114 213 218
211 ->  12  31  74 130 132 210
212 ->   2  73 130 132
213 ->   3   4  37  72  84 130 132 137 148 185 190 206 217
214 ->   1  44  47  48  87 213 218
215 ->  84  86  98 123 130 132 203 216
216 ->   3  15  35  71  93 118 125 172 225 239
217 ->  42 125 137 171 190 206 213
218 ->  73  74  75  85 130 131 132 137 145 171 190 203 217
219 ->  44 159 197 200
220 ->   2 118 119 172 177 252 256
221 ->  44 177
222 ->  72 112
223 -> 104 131
224 ->   2   3   4  12  67  84  86 114 117 118 125 129 133 137 190
225 ->   2  39  56  63  98 125 131 191 198 204 207
226 ->   2   4  12  84  98 111 117 118 125 145 148 166 166 172 176 176 190 190
195 202 203 204 207 228 229
227 ->  44
228 -> 118 123 137 145 166 198 202 226 229 255 257
229 -> 123 137 145 226 228 255 257
230 ->  44 151 154 189 197 200 219 231
231 ->  44
232 ->  44 155 189 197 219 231 233 234
233 ->  44 161 189 231
234 ->  44
235 ->  77  85 211
236 ->  36  74  77  89 212
237 ->  44 178 189 197 219 233 238
238 ->  44  44 142 200 231 233
239 ->   2   3  12  21  90 114 129 214 216
240 ->  23  27  58  88  95 172
241 ->   1  12  16  24  36  84  86 137
242 -> 190
243 -> 190
244 ->  44 193 195 199 202 245 283
245 ->  44 142 148 187 189 197 200 219 231 233 234 238 252 269 271 275 276 282
283
246 ->  44 175 268 273 277
247 ->  12 137 172 190 248
248 ->   2 125 137 190 247
249 ->  44
250 ->  44  97 167 204
251 ->  44  97
252 -> 190
253 ->  44  97 152 153 227 249 268 273
254 ->  44  97 177
255 ->   2  12 117 125 177 257
256 ->  12  98 117 125 177 220 252
257 ->   2  12 117 118 125 172 177 255
258 ->  12 125 137 170 177
259 -> 123 137 167 172 177 184 258
260 -> 191
261 ->  12 117 137 142 172 185
262 ->  44 233
263 ->  44 233 275
264 ->  44 275
265 ->  44 275 276
266 ->  44 276
267 ->  44 276 277
268 ->  44
269 ->  44
270 ->  44 269 271
271 ->  44
272 ->  44 164 271 273
273 ->  44
274 ->  44 268 273
275 ->  44 162 234 269
276 ->  44 164 271 273
277 ->  44 165 249 268
278 ->  44  97 268 269 271 273 274 277
279 ->  44 246 276
280 ->  44  97 277
281 ->  44 277
282 ->  44  44 142 200 219 238
283 ->  44 193 195 199 202 244 276
284 ->  44  44 142 145 183 187 221 227 233 244 249 268 271 273 275 276 277
285 ->  44
286 ->  44
287 ->  44
288 ->  44
289 ->  44
290 ->  44
291 ->  44
292 ->  44
293 ->  44
294 ->  44
295 -> 190
296 -> 190

Parametres calculats



Algorisme : walktrap
Comunitats : Clustering with 297 elements and 21 clusters
[ 0] 0, 1, 5, 7, 8, 9, 11, 14, 16, 24, 36, 63, 65, 67, 72, 78, 85, 87, 89, 93,
     99, 100, 101, 102, 103, 104, 105, 106, 108, 109, 110, 112, 114, 116, 120,
     121, 130, 131, 132, 210, 211, 212, 213, 214, 216, 218, 222, 223, 235,
     236, 239
[ 1] 2, 3, 4, 12, 39, 42, 80, 81, 84, 86, 92, 95, 96, 98, 111, 117, 118, 119,
     123, 125, 129, 137, 142, 145, 148, 149, 151, 159, 170, 171, 172, 173,
     174, 184, 185, 186, 187, 190, 191, 193, 194, 195, 198, 199, 201, 202,
     203, 204, 205, 206, 207, 215, 217, 220, 224, 225, 226, 228, 229, 241,
     244, 247, 248, 252, 255, 256, 257, 258, 259, 261, 283
[ 2] 6, 13, 15, 17, 18, 19, 20, 21, 22, 23, 25, 26, 27, 29, 30, 31, 32, 33,
     34, 35, 37, 38, 40, 41, 43, 45, 46, 47, 48, 49, 50, 51, 52, 53, 54, 55,
     56, 57, 58, 59, 60, 61, 62, 64, 66, 68, 69, 70, 71, 73, 74, 75, 76, 77,
     79, 82, 83, 88, 90, 91, 94, 209, 240
[ 3] 10, 28, 107, 113, 115, 122, 124, 126, 127, 128, 134, 135, 136, 138, 139,
     140, 141, 143, 144, 146, 147, 150, 208
[ 4] 44, 97, 133, 152, 153, 154, 155, 156, 157, 158, 160, 161, 162, 163, 165,
     166, 167, 168, 175, 176, 177, 178, 179, 180, 181, 182, 183, 189, 192,
     196, 197, 200, 219, 221, 227, 230, 231, 232, 233, 234, 237, 238, 245,
     249, 250, 251, 253, 254, 262, 263, 264, 265, 266, 267, 275, 282, 284
[ 5] 164, 169, 188, 246, 268, 269, 270, 271, 272, 273, 274, 276, 277, 278,
     279, 280, 281
[ 6] 242
[ 7] 243
[ 8] 260
[ 9] 285
[10] 286
[11] 287
[12] 288
[13] 289
[14] 290
[15] 291
[16] 292
[17] 293
[18] 294
[19] 295
[20] 296
Temps d'execusio : 38.1610393524
Modularitat : 0.363711730763

Algorisme : spinglass
Comunitats : Clustering with 297 elements and 5 clusters
[0] 6, 7, 13, 14, 15, 17, 18, 19, 20, 21, 22, 23, 24, 25, 26, 27, 29, 30, 31,
    32, 33, 34, 35, 36, 37, 38, 40, 41, 43, 45, 46, 47, 48, 49, 50, 51, 52,
    53, 54, 55, 56, 57, 58, 59, 60, 61, 62, 63, 64, 65, 66, 67, 68, 69, 70,
    71, 73, 74, 75, 76, 77, 78, 79, 81, 82, 83, 87, 88, 89, 90, 91, 93, 94,
    106, 209, 236, 240
[1] 2, 12, 42, 84, 86, 95, 96, 97, 98, 111, 117, 118, 119, 121, 123, 125, 129,
    145, 149, 151, 152, 153, 156, 165, 166, 167, 170, 172, 173, 174, 175, 176,
    177, 183, 184, 186, 187, 194, 198, 199, 201, 202, 203, 204, 205, 206, 207,
    215, 216, 220, 221, 224, 225, 226, 227, 228, 229, 239, 241, 249, 250, 252,
    253, 254, 255, 256, 257, 258, 259, 261
[2] 8, 72, 80, 85, 104, 112, 130, 131, 132, 137, 171, 185, 190, 193, 195, 210,
    211, 212, 213, 214, 217, 218, 222, 223, 235, 242, 243, 247, 248, 295, 296
[3] 0, 1, 5, 9, 10, 11, 16, 28, 39, 92, 99, 100, 101, 102, 103, 105, 107, 108,
    109, 110, 113, 114, 115, 116, 120, 122, 124, 126, 127, 128, 134, 135, 136,
    138, 139, 140, 141, 142, 143, 144, 146, 147, 148, 150, 191, 208, 260
[4] 3, 4, 44, 133, 154, 155, 157, 158, 159, 160, 161, 162, 163, 164, 168, 169,
    178, 179, 180, 181, 182, 188, 189, 192, 196, 197, 200, 219, 230, 231, 232,
    233, 234, 237, 238, 244, 245, 246, 251, 262, 263, 264, 265, 266, 267, 268,
    269, 270, 271, 272, 273, 274, 275, 276, 277, 278, 279, 280, 281, 282, 283,
    284, 285, 286, 287, 288, 289, 290, 291, 292, 293, 294
Temps d'execusio : 10.5336971283
Modularitat : 0.413680094866

Algorisme : labelpropagation
Comunitats : Clustering with 297 elements and 30 clusters
[ 0] 0, 61, 82, 95, 96, 97, 98, 110, 111, 117, 118, 119, 123, 125, 142, 145,
     146, 147, 148, 150, 153, 166, 167, 170, 172, 174, 176, 177, 184, 186,
     187, 192, 193, 194, 195, 198, 199, 200, 201, 202, 203, 204, 205, 207,
     219, 220, 221, 226, 227, 228, 229, 232, 233, 238, 240, 241, 244, 245,
     249, 250, 252, 253, 254, 255, 256, 257, 262, 263, 264, 265, 266, 267,
     275, 276, 282, 283
[ 1] 1, 2, 3, 4, 5, 6, 7, 8, 9, 10, 11, 12, 13, 14, 15, 16, 17, 18, 19, 20,
     21, 22, 23, 24, 25, 26, 27, 28, 29, 30, 31, 32, 33, 34, 35, 36, 37, 38,
     39, 40, 41, 42, 43, 44, 45, 46, 47, 48, 49, 50, 51, 52, 53, 55, 56, 58,
     59, 62, 63, 64, 65, 66, 67, 68, 69, 70, 71, 72, 73, 74, 75, 76, 77, 78,
     79, 80, 81, 83, 84, 85, 86, 87, 88, 89, 90, 91, 92, 93, 94, 99, 100, 101,
     102, 103, 104, 105, 106, 107, 108, 109, 112, 113, 114, 115, 116, 120,
     121, 122, 124, 126, 127, 128, 129, 130, 131, 132, 133, 135, 136, 137,
     138, 139, 140, 141, 144, 149, 151, 152, 154, 155, 156, 157, 158, 159,
     160, 161, 162, 163, 164, 165, 168, 169, 171, 173, 175, 178, 179, 180,
     181, 182, 183, 185, 188, 189, 190, 191, 196, 197, 206, 208, 209, 210,
     211, 212, 213, 214, 215, 216, 217, 218, 222, 223, 224, 225, 231, 234,
     235, 236, 237, 239, 246, 268, 269, 270, 271, 272, 273, 277, 279
[ 2] 54
[ 3] 57, 60
[ 4] 134
[ 5] 143
[ 6] 230
[ 7] 242
[ 8] 243
[ 9] 247, 248
[10] 251
[11] 258, 259
[12] 260
[13] 261
[14] 274, 278
[15] 280
[16] 281
[17] 284
[18] 285
[19] 286
[20] 287
[21] 288
[22] 289
[23] 290
[24] 291
[25] 292
[26] 293
[27] 294
[28] 295
[29] 296
Temps d'execusio : 0.00230717658997
Modularitat : 0.18005416468

Algorisme : infomap
Comunitats : Clustering with 297 elements and 10 clusters
[ 0] 0, 1, 2, 3, 4, 5, 7, 8, 9, 11, 12, 14, 15, 16, 17, 18, 19, 20, 21, 24,
     25, 26, 31, 35, 36, 37, 38, 39, 40, 41, 42, 44, 45, 49, 50, 51, 52, 53,
     54, 56, 57, 58, 59, 60, 61, 62, 63, 64, 65, 66, 67, 69, 70, 71, 72, 73,
     76, 78, 80, 81, 82, 83, 84, 86, 87, 88, 89, 90, 91, 92, 93, 94, 95, 96,
     97, 98, 99, 100, 102, 103, 104, 106, 109, 111, 112, 114, 116, 117, 118,
     119, 120, 123, 125, 129, 130, 131, 132, 134, 137, 146, 147, 148, 150,
     152, 153, 154, 156, 157, 159, 160, 163, 164, 165, 166, 167, 168, 169,
     170, 171, 172, 175, 176, 179, 180, 181, 183, 184, 185, 186, 187, 188,
     190, 191, 192, 193, 194, 195, 198, 199, 201, 202, 203, 204, 205, 206,
     207, 209, 210, 212, 214, 215, 216, 217, 218, 220, 221, 222, 223, 224,
     225, 226, 227, 228, 229, 230, 231, 232, 234, 235, 236, 238, 239, 240,
     241, 242, 243, 244, 245, 246, 247, 248, 249, 250, 251, 252, 253, 254,
     255, 256, 257, 258, 259, 260, 261, 262, 263, 264, 265, 266, 267, 268,
     269, 270, 271, 272, 273, 274, 275, 276, 277, 278, 279, 280, 281, 282,
     283, 284, 285, 286, 287, 288, 289, 290, 291, 292, 293, 294, 295, 296
[ 1] 6, 13, 27, 34, 43, 47, 48, 74, 75, 77, 85, 101, 151, 177, 211, 213
[ 2] 155, 161, 189, 197, 233, 237
[ 3] 10, 28, 105, 107, 108, 110, 115, 121, 122, 124, 126, 127, 128, 135, 136,
     138, 139, 143, 208
[ 4] 133, 173, 178, 196, 200, 219
[ 5] 23, 46, 79
[ 6] 142, 158, 162, 174, 182
[ 7] 113, 140, 141, 144, 145, 149
[ 8] 29, 30, 32, 33, 68
[ 9] 22, 55
Temps d'execusio : 167.500019073
Modularitat : 0.100416163436

Algorisme : edgebetweenness
Comunitats : Clustering with 297 elements and 194 clusters
[  0] 0
[  1] 1, 24, 36, 74, 77, 84, 86, 89, 212, 236, 241
[  2] 2
[  3] 3, 21, 114, 214, 239
[  4] 4
[  5] 5
[  6] 6
[  7] 7
[  8] 8
[  9] 9
[ 10] 10
[ 11] 11
[ 12] 12
[ 13] 13
[ 14] 14
[ 15] 15
[ 16] 16
[ 17] 17
[ 18] 18
[ 19] 19
[ 20] 20
[ 21] 22, 101
[ 22] 23, 88, 240
[ 23] 25
[ 24] 26
[ 25] 27
[ 26] 28
[ 27] 29
[ 28] 30
[ 29] 31
[ 30] 32
[ 31] 33
[ 32] 34
[ 33] 35
[ 34] 37
[ 35] 38
[ 36] 39, 92, 149
[ 37] 40
[ 38] 41
[ 39] 42
[ 40] 43
[ 41] 44, 97, 123, 142, 145, 148, 151, 152, 154, 155, 166, 167, 175, 176, 178,
      183, 187, 189, 190, 191, 195, 197, 199, 200, 202, 219, 221, 226, 227,
      228, 229, 230, 231, 232, 233, 234, 237, 238, 242, 243, 244, 245, 246,
      247, 248, 249, 250, 251, 252, 253, 255, 257, 258, 259, 265, 268, 269,
      270, 271, 272, 273, 274, 275, 276, 277, 278, 279, 280, 281, 282, 283,
      284, 285, 286, 287, 288, 289, 290, 291, 292, 293, 294, 295, 296
[ 42] 45
[ 43] 46
[ 44] 47
[ 45] 48
[ 46] 49
[ 47] 50
[ 48] 51
[ 49] 52
[ 50] 53
[ 51] 54
[ 52] 55
[ 53] 56
[ 54] 57
[ 55] 58
[ 56] 59
[ 57] 60
[ 58] 61
[ 59] 62
[ 60] 63
[ 61] 64
[ 62] 65
[ 63] 66
[ 64] 67
[ 65] 68
[ 66] 69
[ 67] 70
[ 68] 71
[ 69] 72
[ 70] 73
[ 71] 75
[ 72] 76
[ 73] 78
[ 74] 79
[ 75] 80
[ 76] 81
[ 77] 82
[ 78] 83
[ 79] 85
[ 80] 87
[ 81] 90
[ 82] 91
[ 83] 93
[ 84] 94
[ 85] 95
[ 86] 96
[ 87] 98
[ 88] 99
[ 89] 100
[ 90] 102
[ 91] 103
[ 92] 104
[ 93] 105
[ 94] 106
[ 95] 107
[ 96] 108
[ 97] 109
[ 98] 110
[ 99] 111
[100] 112
[101] 113
[102] 115
[103] 116
[104] 117
[105] 118
[106] 119
[107] 120
[108] 121
[109] 122
[110] 124
[111] 125
[112] 126
[113] 127
[114] 128
[115] 129
[116] 130
[117] 131
[118] 132
[119] 133
[120] 134
[121] 135
[122] 136
[123] 137
[124] 138
[125] 139
[126] 140
[127] 141
[128] 143
[129] 144
[130] 146
[131] 147
[132] 150
[133] 153
[134] 156
[135] 157
[136] 158
[137] 159, 206
[138] 160
[139] 161
[140] 162
[141] 163
[142] 164
[143] 165
[144] 168
[145] 169
[146] 170
[147] 171
[148] 172
[149] 173
[150] 174
[151] 177
[152] 179
[153] 180
[154] 181
[155] 182
[156] 184
[157] 185
[158] 186
[159] 188
[160] 192
[161] 193
[162] 194
[163] 196
[164] 198
[165] 201
[166] 203
[167] 204
[168] 205
[169] 207
[170] 208
[171] 209
[172] 210
[173] 211
[174] 213
[175] 215
[176] 216
[177] 217
[178] 218
[179] 220
[180] 222
[181] 223
[182] 224
[183] 225
[184] 235
[185] 254
[186] 256
[187] 260
[188] 261
[189] 262
[190] 263
[191] 264
[192] 266
[193] 267
Temps d'execusio : 10.777878046
Modularitat : 0.0808047827078