Nom de la xarxa :adjnoun 

IGRAPH U--- 112 425 --
+ attr: id (v), value (v), label (v)
+ vertex attributes:
+ edges:
  0 --   1   2   3
  1 --   0   2   9  14  17  18  19  28  41  45  46  51  91 102
  2 --   0   1   3   9  11  14  17  21  22  23  24  25  26  27  31  34  36  41
42  45  50  51  54  66  73  83  93  97  98 102 104 105 111
  3 --   0   2   9  10  18  41  43  51  85
  4 --   5  89
  5 --   4   6  17  27  32  39  43
  6 --   5   7  32  51  52  55
  7 --   6  15  17  21  37  38  51  70  75  87 106
  8 --   9
  9 --   1   2   3   8  12  17  24  25  26  39  40  42  59  60  61  62  89
 10 --   3  11  12  50
 11 --   2  10  40  63  69  98 104
 12 --   9  10  17  18  43  50  87  88 102 104
 13 --  14  15  16  17  18 102
 14 --   1   2  13  16  17  25  36  37  59  68  71 105
 15 --   7  13  17  32  38  43  48  75  76  79  88 104
 16 --  13  14  68
 17 --   1   2   5   7   9  12  13  14  15  21  22  24  25  26  27  28  31  32
34  35  36  37  38  43  44  50  51  52  54  65  66  67  70  72  77  80  82  83
84  85  86  87  88  89  93  98 102 103 104
 18 --   1   3  12  13  21  29  34  43  44  50  51  53  54  60
 19 --   1  20  21  22  23  24  25  26  27
 20 --  19  43  79  94 108
 21 --   2   7  17  18  19  28  43  48  50  51
 22 --   2  17  19  45  94
 23 --   2  19  43  47  51  59  69 105
 24 --   2   9  17  19  36  43  47  49  68  75  76  87 103 104 108
 25 --   2   9  14  17  19  30  41  46  48  51  59  77  88 104
 26 --   2   9  17  19  43  51  56  68  79  80 104
 27 --   2   5  17  19  43  52  54  63  68  76  79  80  87  96 103
 28 --   1  17  21  29  30  31  32  33  34  35  44  89  92
 29 --  18  28  58  74  79
 30 --  25  28  51  79  84  92
 31 --   2  17  28  32  41  43  51  79  86 103 104 108
 32 --   5   6  15  17  28  31  51  52  70 100
 33 --  28  76  84 104 107
 34 --   2  17  18  28  51  54 107
 35 --  17  28  48  51  71 104
 36 --   2  14  17  24  43  55  87
 37 --   7  14  17  38  47  57  58  59  72 103
 38 --   7  15  17  37  39  40  41  51 104
 39 --   5   9  38  43 103
 40 --   9  11  38  56
 41 --   1   2   3  25  31  38  42  43
 42 --   2   9  41  51  56  79  90
 43 --   3   5  12  15  17  18  20  21  23  24  26  27  31  36  39  41  44  48
59  63  66  70  80  81  83  98  99 100
 44 --  17  18  28  43  45  50 102
 45 --   1   2  22  44  52  73
 46 --   1  25 104
 47 --  23  24  37  48  49
 48 --  15  21  25  35  43  47  50  76  88 104
 49 --  24  47  51  59  68
 50 --   2  10  12  17  18  21  44  48  51  52  53  54  78 102 104
 51 --   1   2   3   6   7  17  18  21  23  25  26  30  31  32  34  35  38  42
49  50  54  57  59  66  67  68 101 106
 52 --   6  17  27  32  45  50  56
 53 --  18  50  54  73  89 102
 54 --   2  17  18  27  34  50  51  53  68  70  72  75  78
 55 --   6  36  70
 56 --  26  40  42  52
 57 --  37  51  75
 58 --  29  37
 59 --   9  14  23  25  37  43  49  51  65  70  71  72 104
 60 --   9  18  71  76 101
 61 --   9 104
 62 --   9  71
 63 --  11  27  43  64  65
 64 --  63
 65 --  17  59  63  84  87 103
 66 --   2  17  43  51  72  75 102
 67 --  17  51  76  87
 68 --  14  16  24  26  27  49  51  54  70  73  75  84
 69 --  11  23
 70 --   7  17  32  43  54  55  59  68  75  87 102 105
 71 --  14  35  59  60  62  73
 72 --  17  37  54  59  66  80 105
 73 --   2  45  53  68  71  76 103
 74 --  29
 75 --   7  15  24  54  57  66  68  70  76  77
 76 --  15  24  27  33  48  60  67  73  75  80  92 106
 77 --  17  25  75
 78 --  50  54  79
 79 --  15  20  26  27  29  30  31  42  78  81  83 109 110
 80 --  17  26  27  43  72  76  81 106
 81 --  43  79  80  94  98 104
 82 --  17
 83 --   2  17  43  79  87
 84 --  17  30  33  65  68 104
 85 --   3  17
 86 --  17  31
 87 --   7  12  17  24  27  36  65  67  70  83
 88 --  12  15  17  25  48 106
 89 --   4   9  17  28  53  92  99
 90 --  42
 91 --   1
 92 --  28  30  76  89  95  96
 93 --   2  17
 94 --  20  22  81
 95 --  92
 96 --  27  92 106
 97 --   2
 98 --   2  11  17  43  81
 99 --  43  89
100 --  32  43 110
101 --  51  60
102 --   1   2  12  13  17  44  50  53  66  70
103 --  17  24  27  31  37  39  65  73 104
104 --   2  11  12  15  17  24  25  26  31  33  35  38  46  48  50  59  61  81
84 103 105
105 --   2  14  23  70  72 104 108
106 --   7  51  76  80  88  96
107 --  33  34
108 --  20  24  31 105
109 --  79
110 --  79 100
111 --   2

Parametres calculats



Algorisme : multilevel
Comunitats : Clustering with 112 elements and 7 clusters
[0] 0, 1, 2, 3, 8, 9, 11, 19, 22, 23, 25, 26, 40, 41, 42, 45, 46, 51, 56, 59,
    69, 90, 91, 97, 111
[1] 13, 14, 16, 24, 36, 47, 49, 55, 67, 68, 70, 83, 87, 105
[2] 6, 7, 15, 17, 21, 32, 35, 37, 38, 48, 52, 57, 61, 66, 72, 75, 77, 82, 85,
    88, 93, 104
[3] 60, 62, 71, 73, 76, 80, 101, 106
[4] 5, 20, 27, 31, 39, 43, 63, 64, 65, 79, 81, 86, 94, 98, 100, 103, 108, 109,
    110
[5] 4, 28, 29, 30, 33, 34, 58, 74, 84, 89, 92, 95, 96, 99, 107
[6] 10, 12, 18, 44, 50, 53, 54, 78, 102
Temps d'execusio : 1.86014175415
Modularitat : 0.288680968858

Algorisme : fastgreedy
Comunitats : Clustering with 112 elements and 7 clusters
[0] 0, 1, 2, 3, 8, 9, 19, 22, 25, 26, 40, 41, 42, 45, 46, 56, 73, 77, 85, 90,
    91, 93, 97, 111
[1] 4, 5, 20, 27, 39, 43, 63, 64, 79, 80, 81, 83, 94, 98, 100, 109, 110
[2] 6, 7, 13, 14, 16, 23, 24, 36, 37, 38, 47, 49, 51, 54, 55, 57, 59, 66, 67,
    68, 70, 72, 75, 87, 105, 108
[3] 10, 11, 12, 18, 21, 44, 48, 50, 53, 69, 78, 89, 99, 102
[4] 15, 60, 62, 71, 76, 88, 92, 95, 96, 101, 106
[5] 17, 28, 30, 31, 32, 33, 34, 35, 52, 61, 65, 82, 84, 86, 103, 104, 107
[6] 29, 58, 74
Temps d'execusio : 1.9838809967
Modularitat : 0.294696193772

Algorisme : leadingeigenvector
Comunitats : Clustering with 112 elements and 10 clusters
[ 0] 0, 1, 2, 3, 19, 22, 23, 25, 26, 28, 29, 30, 31, 35, 41, 42, 46, 51, 56,
     90, 91, 93, 97, 101, 111
[ 1] 4
[ 2] 8, 9, 10, 11, 40, 61, 69, 89, 98
[ 3] 13, 14, 60, 62, 71, 73, 105
[ 4] 12, 18, 21, 34, 44, 45, 50, 53, 54, 66, 78, 102, 107
[ 5] 74, 85
[ 6] 15, 16, 24, 33, 37, 38, 47, 48, 49, 57, 58, 59, 65, 68, 75, 76, 81, 84,
     88, 92, 94, 95, 103, 104, 108
[ 7] 5, 6, 7, 17, 32, 36, 52, 55, 67, 70, 77, 82, 86, 87
[ 8] 20, 27, 39, 43, 63, 64, 79, 83, 96, 99, 100, 109, 110
[ 9] 72, 80, 106
Temps d'execusio : 106.513023376
Modularitat : 0.242602076125

Algorisme : walktrap
Comunitats : Clustering with 112 elements and 25 clusters
[ 0] 0, 1, 2, 3, 9, 12, 18, 41, 44, 45, 46, 50, 53, 61, 73, 85, 93, 102
[ 1] 4, 89, 99
[ 2] 5, 6, 32, 52, 55
[ 3] 7, 13, 14, 15, 16, 17, 21, 23, 24, 25, 27, 35, 36, 37, 47, 48, 49, 51,
     54, 57, 59, 65, 66, 67, 68, 70, 72, 75, 76, 77, 80, 84, 87, 88, 103, 104,
     105, 106
[ 4] 8
[ 5] 10, 11, 69
[ 6] 19, 20, 22, 94, 108
[ 7] 26, 31, 38, 39, 43, 78, 79, 81, 83, 86, 98
[ 8] 28, 30, 33, 34
[ 9] 29, 58
[10] 40, 42, 56
[11] 60, 62, 71, 101
[12] 63
[13] 64
[14] 74
[15] 82
[16] 90
[17] 91
[18] 92, 96
[19] 95
[20] 97
[21] 100, 110
[22] 107
[23] 109
[24] 111
Temps d'execusio : 3.65710258484
Modularitat : 0.216213148789

Algorisme : spinglass
Comunitats : Clustering with 112 elements and 9 clusters
[0] 17, 24, 31, 36, 65, 67, 77, 82, 83, 86, 87, 103, 108
[1] 10, 12, 13, 18, 21, 34, 44, 50, 53, 54, 78, 102, 107
[2] 7, 14, 16, 23, 37, 38, 47, 49, 51, 57, 59, 66, 68, 70, 72, 75, 105
[3] 15, 25, 28, 30, 33, 35, 46, 48, 76, 84, 88, 92, 95, 96, 104, 106
[4] 11, 19, 20, 26, 27, 40, 43, 56, 63, 64, 69, 79, 80, 81, 94, 98, 100, 109,
    110
[5] 29, 58, 74
[6] 4, 5, 6, 32, 52, 55, 89, 99
[7] 8, 9, 39, 60, 61, 62, 71, 101
[8] 0, 1, 2, 3, 22, 41, 42, 45, 73, 85, 90, 91, 93, 97, 111
Temps d'execusio : 4.4480381012
Modularitat : 0.308586851211

Algorisme : labelpropagation
Comunitats : Clustering with 112 elements and 2 clusters
[0] 0, 1, 2, 3, 8, 9, 10, 11, 12, 13, 14, 16, 18, 19, 21, 22, 23, 25, 26, 34,
    35, 37, 38, 40, 41, 42, 44, 45, 46, 47, 48, 49, 50, 51, 53, 54, 56, 57,
    59, 60, 61, 62, 66, 68, 69, 71, 72, 73, 78, 85, 88, 90, 91, 93, 97, 101,
    102, 104, 105, 107, 111
[1] 4, 5, 6, 7, 15, 17, 20, 24, 27, 28, 29, 30, 31, 32, 33, 36, 39, 43, 52,
    55, 58, 63, 64, 65, 67, 70, 74, 75, 76, 77, 79, 80, 81, 82, 83, 84, 86,
    87, 89, 92, 94, 95, 96, 98, 99, 100, 103, 106, 108, 109, 110
Temps d'execusio : 0.348091125488
Modularitat : 0.217234602076

Algorisme : infomap
Comunitats : Clustering with 112 elements and 2 clusters
[0] 0, 1, 2, 3, 4, 5, 6, 7, 8, 9, 10, 11, 12, 13, 14, 15, 16, 17, 18, 19, 20,
    21, 22, 23, 24, 25, 26, 27, 28, 30, 31, 32, 33, 34, 35, 36, 37, 38, 39,
    40, 41, 42, 43, 44, 45, 46, 47, 48, 49, 50, 51, 52, 53, 54, 55, 56, 57,
    59, 60, 61, 62, 63, 64, 65, 66, 67, 68, 69, 70, 71, 72, 73, 75, 76, 77,
    78, 79, 80, 81, 82, 83, 84, 85, 86, 87, 88, 89, 90, 91, 92, 93, 94, 95,
    96, 97, 98, 99, 100, 101, 102, 103, 104, 105, 106, 107, 108, 109, 110, 111
[1] 29, 58, 74
Temps d'execusio : 32.5889587402
Modularitat : 0.00923460207612

Algorisme : edgebetweenness
Comunitats : Clustering with 112 elements and 69 clusters
[ 0] 0
[ 1] 1, 2, 3, 9, 12, 17, 18, 19, 21, 25, 26, 27, 31, 34, 41, 43, 48, 50, 51,
     53, 54, 66, 102, 104
[ 2] 4, 89, 99
[ 3] 5, 6
[ 4] 7, 15, 38
[ 5] 8
[ 6] 10
[ 7] 11, 69
[ 8] 13
[ 9] 14
[10] 16
[11] 20, 108
[12] 22, 94
[13] 23
[14] 24, 68
[15] 28
[16] 29, 58, 74
[17] 30
[18] 32
[19] 33, 84
[20] 35, 71
[21] 36
[22] 37
[23] 39
[24] 40, 56
[25] 42
[26] 44
[27] 45, 52
[28] 46
[29] 47, 49
[30] 55
[31] 57
[32] 59
[33] 60
[34] 61
[35] 62
[36] 63
[37] 64
[38] 65
[39] 67
[40] 70
[41] 72
[42] 73
[43] 75
[44] 76
[45] 77
[46] 78
[47] 79
[48] 80
[49] 81, 98
[50] 82
[51] 83, 87
[52] 85
[53] 86
[54] 88
[55] 90
[56] 91
[57] 92, 96
[58] 93
[59] 95
[60] 97
[61] 100, 110
[62] 101
[63] 103
[64] 105
[65] 106
[66] 107
[67] 109
[68] 111
Temps d'execusio : 876.106023788
Modularitat : 0.0805370242215

Algorisme : cfinder
Comunitats : Clustering with 112 elements and 2 clusters
[0] 4, 8, 19, 20, 29, 40, 55, 56, 57, 58, 60, 61, 62, 64, 69, 74, 79, 82, 85,
    90, 91, 94, 95, 96, 97, 99, 100, 101, 107, 108, 109, 110, 111
[1] 0, 1, 2, 3, 5, 6, 7, 9, 10, 11, 12, 13, 14, 15, 16, 17, 18, 21, 22, 23,
    24, 25, 26, 27, 28, 30, 31, 32, 33, 34, 35, 36, 37, 38, 39, 41, 42, 43,
    44, 45, 46, 47, 48, 49, 50, 51, 52, 53, 54, 59, 63, 65, 66, 67, 68, 70,
    71, 72, 73, 75, 76, 77, 78, 80, 81, 83, 84, 86, 87, 88, 89, 92, 93, 98,
    102, 103, 104, 105, 106
Temps d'execusio : 46.7162132263
Modularitat : 0.0320110726644