Nom de la xarxa :dolphins 

IGRAPH U--- 62 159 --
+ attr: id (v), label (v)
+ vertex attributes:
+ edges:
 0 -- 10 14 15 40 42 47
 1 -- 17 19 26 27 28 36 41 54
 2 -- 10 42 44 61
 3 --  8 14 59
 4 -- 51
 5 --  9 13 56 57
 6 --  9 13 17 54 56 57
 7 -- 19 27 30 40 54
 8 --  3 20 28 37 45 59
 9 --  5  6 13 17 32 41 57
10 --  0  2 29 42 47
11 -- 51
12 -- 33
13 --  5  6  9 17 32 41 54 57
14 --  0  3 16 24 33 34 37 38 40 43 50 52
15 --  0 18 24 40 45 55 59
16 -- 14 20 33 37 38 50
17 --  1  6  9 13 22 25 27 31 57
18 -- 15 20 21 24 29 45 51
19 --  1  7 30 54
20 --  8 16 18 28 36 38 44 47 50
21 -- 18 29 33 37 45 51
22 -- 17
23 -- 36 45 51
24 -- 14 15 18 29 45 51
25 -- 17 26 27
26 --  1 25 27
27 --  1  7 17 25 26
28 --  1  8 20 30 47
29 -- 10 18 21 24 35 43 45 51 52
30 --  7 19 28 42 47
31 -- 17
32 --  9 13 60
33 -- 12 14 16 21 34 37 38 40 43 50
34 -- 14 33 37 44 49
35 -- 29
36 --  1 20 23 37 39 40 59
37 --  8 14 16 21 33 34 36 40 43 45 61
38 -- 14 16 20 33 43 44 52 58
39 -- 36 57
40 --  0  7 14 15 33 36 37 52
41 --  1  9 13 54 57
42 --  0  2 10 30 47 50
43 -- 14 29 33 37 38 46 53
44 --  2 20 34 38
45 --  8 15 18 21 23 24 29 37 50 51 59
46 -- 43 49
47 --  0 10 20 28 30 42
48 -- 57
49 -- 34 46
50 -- 14 16 20 33 42 45 51
51 --  4 11 18 21 23 24 29 45 50 55
52 -- 14 29 38 40
53 -- 43 61
54 --  1  6  7 13 19 41 57
55 -- 15 51
56 --  5  6
57 --  5  6  9 13 17 39 41 48 54
58 -- 38
59 --  3  8 15 36 45
60 -- 32
61 --  2 37 53

Parametres calculats



Algorisme : multilevel
Comunitats : Clustering with 62 elements and 5 clusters
[0] 0, 2, 10, 42, 47, 53, 61
[1] 1, 7, 19, 25, 26, 27, 28, 30
[2] 12, 14, 16, 20, 33, 34, 36, 37, 38, 39, 40, 43, 44, 46, 49, 50, 52, 58
[3] 5, 6, 9, 13, 17, 22, 31, 32, 41, 48, 54, 56, 57, 60
[4] 3, 4, 8, 11, 15, 18, 21, 23, 24, 29, 35, 45, 51, 55, 59
Temps d'execusio : 0.489950180054
Modularitat : 0.518531703651

Algorisme : fastgreedy
Comunitats : Clustering with 62 elements and 4 clusters
[0] 0, 2, 10, 12, 14, 16, 20, 33, 34, 37, 38, 40, 42, 43, 44, 46, 47, 49, 50,
    52, 53, 58, 61
[1] 1, 5, 6, 7, 9, 13, 17, 19, 22, 25, 26, 27, 28, 30, 31, 32, 41, 48, 54, 56,
    57, 60
[2] 3, 4, 8, 11, 15, 18, 21, 23, 24, 29, 35, 45, 51, 55, 59
[3] 36, 39
Temps d'execusio : 0.418186187744
Modularitat : 0.495490684704

Algorisme : walktrap
Comunitats : Clustering with 62 elements and 4 clusters
[0] 0, 2, 10, 12, 14, 16, 20, 33, 34, 37, 38, 40, 42, 43, 44, 46, 47, 49, 50,
    52, 53, 58, 61
[1] 1, 5, 6, 7, 9, 13, 17, 19, 22, 25, 26, 27, 28, 30, 31, 39, 41, 48, 54, 56,
    57
[2] 3, 4, 8, 11, 15, 18, 21, 23, 24, 29, 35, 36, 45, 51, 55, 59
[3] 32, 60
Temps d'execusio : 0.845909118652
Modularitat : 0.488845377952

Algorisme : spinglass
Comunitats : Clustering with 62 elements and 5 clusters
[0] 4, 11, 15, 18, 21, 23, 24, 29, 35, 45, 51, 55
[1] 1, 5, 6, 7, 9, 13, 17, 19, 22, 25, 26, 27, 31, 32, 41, 48, 54, 56, 57, 60
[2] 12, 14, 16, 33, 34, 37, 38, 40, 43, 46, 49, 50, 52, 53, 58, 61
[3] 3, 8, 36, 39, 59
[4] 0, 2, 10, 20, 28, 30, 42, 44, 47
Temps d'execusio : 1.53198313713
Modularitat : 0.528519441478

Algorisme : labelpropagation
Comunitats : Clustering with 62 elements and 4 clusters
[0] 0, 2, 10, 28, 30, 42, 47, 53, 61
[1] 1, 5, 6, 7, 9, 13, 17, 19, 22, 25, 26, 27, 31, 32, 39, 41, 48, 54, 56, 57,
    60
[2] 3, 4, 8, 11, 15, 18, 21, 23, 24, 29, 35, 45, 51, 55, 59
[3] 12, 14, 16, 20, 33, 34, 36, 37, 38, 40, 43, 44, 46, 49, 50, 52, 58
Temps d'execusio : 0.25200843811
Modularitat : 0.526798781694

Algorisme : infomap
Comunitats : Clustering with 62 elements and 6 clusters
[0] 12, 14, 16, 20, 33, 34, 37, 38, 40, 43, 44, 46, 49, 50, 52, 53, 58, 61
[1] 5, 6, 9, 13, 17, 22, 31, 32, 41, 48, 54, 56, 57, 60
[2] 4, 11, 15, 18, 21, 23, 24, 29, 35, 45, 51, 55
[3] 1, 7, 19, 25, 26, 27, 28, 30
[4] 0, 2, 10, 42, 47
[5] 3, 8, 36, 39, 59
Temps d'execusio : 19.4590091705
Modularitat : 0.518947035323

Algorisme : edgebetweenness
Comunitats : Clustering with 62 elements and 5 clusters
[0] 0, 2, 10, 28, 30, 42, 47
[1] 1, 5, 6, 7, 9, 13, 17, 19, 22, 25, 26, 27, 31, 32, 39, 41, 48, 54, 56, 57,
    60
[2] 3, 8, 12, 14, 16, 20, 33, 34, 36, 37, 38, 40, 43, 44, 46, 49, 50, 52, 58,
    59
[3] 4, 11, 15, 18, 21, 23, 24, 29, 35, 45, 51, 55
[4] 53, 61
Temps d'execusio : 64.3918514252
Modularitat : 0.519382144694

Algorisme : cfinder
Comunitats : Clustering with 62 elements and 5 clusters
[0] 4, 11, 12, 22, 31, 35, 39, 46, 48, 49, 53, 55, 56, 58, 60, 61
[1] 25, 26, 27
[2] 1, 5, 6, 7, 9, 13, 17, 19, 32, 41, 54, 57
[3] 3, 14, 15, 16, 18, 21, 23, 24, 29, 33, 34, 36, 37, 38, 40, 43, 44, 45, 50,
    51, 52, 59
[4] 0, 2, 8, 10, 20, 28, 30, 42, 47
Temps d'execusio : 298.558950424
Modularitat : 0.380780032435