Nom de la xarxa :protein_ 

IGRAPH U--- 488 1026 --
+ attr: y (v), x (v), z (v), id (v)
+ vertex attributes:
+ edges:
  0 --   1 321 360 369 370 451 476 481 484
  1 --   0 361
  2 -- 276 369
  3 -- 363 397 417 456 486
  4 -- 212 312 314
  5 --  38  39  42 223 246 247 248 249 361
  6 --  27 480
  7 -- 162 181 276 348 393 403
  8 --  57 120 323 340 457
  9 --  57 337 426 457
 10 --  72 161 467 487
 11 --  75 135
 12 -- 311 346 407 478
 13 -- 311 322 346 407 467 478
 14 -- 311 322 346 407 450 467 478
 15 -- 311 346 407 467 478
 16 -- 142 311 390 395
 17 -- 346 407 478
 18 --  19 317 343 420 442
 19 --  18 319 413 438 470
 20 -- 356 437
 21 --  95 276 315
 22 --  23  24
 23 --  22  62 273
 24 --  22 103 276
 25 -- 106 116 167 193 195 394
 26 --  72 185 390 476
 27 --   6 396 442
 28 --  29 484
 29 --  28 251 321 484
 30 -- 396 442
 31 --  32  33  34  96 144 145 248
 32 --  31  35  36 212 258 259
 33 --  31  34  47  96 144 145 146
 34 --  31  33 185
 35 --  32 300 387
 36 --  32  50 406
 37 --  65 200 283 483
 38 --   5  39
 39 --   5  38  42 361
 40 -- 157 275 361
 41 --  66 361
 42 --   5  39
 43 --  44 223 238
 44 --  43 141 142
 45 --  71  72 110 183 362
 46 -- 131 132 243 265 367
 47 --  33  48
 48 --  47 104
 49 -- 137 150 192
 50 --  36  55  91 406 455 477
 51 --  52 161 354 358
 52 --  51 354 358
 53 --  54 259 303
 54 --  53 151
 55 --  50  56  59 416
 56 --  55 178 349 427
 57 --   8   9  90 385 457
 58 --  70 424
 59 --  55  83 123 152 178 331
 60 -- 331 426
 61 -- 103 476
 62 --  23  63 137 264 272 273 278
 63 --  62  65  98 130 186 273
 64 -- 406 433
 65 --  37  63  77 326
 66 --  41  67  68 282 293 295 296 372 447 459
 67 --  66 295 296 438
 68 --  66 216 372 472
 69 -- 300 341 387 473
 70 --  58 164 421 465
 71 --  45  72
 72 --  10  26  45  71  98
 73 --  74 395
 74 --  73 235 288 308
 75 --  11 134 326 389
 76 -- 123 142 152 158 176 326 388 448 473
 77 --  65  81 114 115 294
 78 -- 145 467
 79 -- 191 330 425
 80 -- 406 433 455
 81 --  77 267 414 444
 82 -- 211 241 297 355 356 421 424
 83 --  59  84
 84 --  83 141 195
 85 --  86 167 193 473
 86 --  85 106 167
 87 --  88  89 406 455
 88 --  87 406 433
 89 --  87 406 433
 90 --  57 333 417
 91 --  50 406 433 455
 92 -- 147 406
 93 -- 433 455
 94 -- 199 455
 95 --  21 276 315
 96 --  31  33  97  98 231 428
 97 --  96 161
 98 --  63  72  96 261
 99 -- 231 348
100 -- 101 219 277 485
101 -- 100 220 291 292 353 432
102 -- 347 416 419
103 --  24  61 419
104 --  48 105 206 299 306 364 394 395 414 439 457 458
105 -- 104 118
106 --  25  86 379
107 -- 108 109
108 -- 107 288
109 -- 107 129 394 431
110 --  45 262
111 -- 414 419
112 -- 135 161 439
113 -- 135 153 235 379 394 395 398 444 458
114 --  77 251 469
115 --  77 251 469
116 --  25 161 168 409 469
117 -- 118 121 122 123 469
118 -- 105 117
119 -- 245 286 441 470
120 --   8 323 367
121 -- 117 122 135 161 390
122 -- 117 121 135 161
123 --  59  76 117
124 -- 125 205
125 -- 124 135
126 -- 127 220 251
127 -- 126 252
128 -- 181 276 348 403
129 -- 109 394
130 --  63 388
131 --  46 132 133
132 --  46 131 243 274 279 441
133 -- 131 375
134 --  75 187
135 --  11 112 113 121 122 125 136 394 395 414 444
136 -- 135 161
137 --  49  62 304
138 -- 151 187
139 -- 183 291 292 441
140 -- 164 180
141 --  44  84 416
142 --  16  44  76 143 276 416
143 -- 142 144 145
144 --  31  33 143 146 246
145 --  31  33  78 143 248
146 --  33 144
147 --  92 161
148 -- 161 178 416
149 -- 161 363
150 --  49 430
151 --  54 138 346 446
152 --  59  76
153 -- 113 154 155 268 414
154 -- 153 179
155 -- 153 191
156 -- 157 437 460
157 --  40 156 161 203
158 --  76 159 160 392
159 -- 158 186
160 -- 158 276
161 --  10  51  97 112 116 121 122 136 147 148 149 157 162 163 428 446
162 --   7 161
163 -- 161 199
164 --  70 140
165 -- 166 167 276
166 -- 165 276
167 --  25  85  86 165 307
168 -- 116 169 170 171 172 173 236 445
169 -- 168 184 196
170 -- 168 236
171 -- 168 184 198 201 207
172 -- 168 184 205 207
173 -- 168 184 196
174 -- 175 345
175 -- 174 261
176 --  76 177
177 -- 176 189
178 --  56  59 148 349 364 405 427 443
179 -- 154 294
180 -- 140 182
181 --   7 128 213 315 331 340 347 348 350 375 381 393 402 403 410 426 453 460
464 469 471 483
182 -- 180 396
183 --  45 139 192
184 -- 169 171 172 173
185 --  26  34
186 --  63 159 437
187 -- 134 138
188 -- 317 450 475
189 -- 177 190
190 -- 189 209
191 --  79 155
192 --  49 183
193 --  25  85 194
194 -- 193 250
195 --  25  84
196 -- 169 173 197 198 207 228
197 -- 196 202 225 226 227 228
198 -- 171 196 199 201 210 243
199 --  94 163 198 207
200 --  37 372
201 -- 171 198 202
202 -- 197 201 225 226 227
203 -- 157 437
204 -- 205 207
205 -- 124 172 204 207
206 -- 104 234 235 288
207 -- 171 172 196 199 204 205 208
208 -- 207 423
209 -- 190 325
210 -- 198 236
211 --  82 297 356
212 --   4  32 311 312 314 334
213 -- 181 331
214 -- 215 216 217 218 390 475
215 -- 214 218
216 --  68 214 372
217 -- 214 440
218 -- 214 215 343 440 475
219 -- 100 220 480
220 -- 101 126 219 277 485
221 -- 368 442
222 -- 223 368 442 470
223 --   5  43 222 247 248 368 442 470
224 -- 344 446
225 -- 197 202
226 -- 197 202
227 -- 197 202
228 -- 196 197
229 -- 230 231 232
230 -- 229 259
231 --  96  99 229 232
232 -- 229 231
233 -- 234 235 395
234 -- 206 233 267 268 269 379 395 414 425 444
235 --  74 113 206 233 288 390 395 414 439
236 -- 168 170 210
237 -- 317 400
238 --  43 239 240
239 -- 238 324
240 -- 238 242 243 289
241 --  82 356
242 -- 240 243 244 245 270
243 --  46 132 198 240 242 245 265 266 274 279 441
244 -- 242 270
245 -- 119 242 243
246 --   5 144 252 253 254 255 256 257
247 --   5 223
248 --   5  31 145 223 353 382 432
249 --   5 286 354 383
250 -- 194 377
251 --  29 114 115 126 321 469 484
252 -- 127 246 253 254 255 256 257
253 -- 246 252 254 255 256 257
254 -- 246 252 253 255 256 257
255 -- 246 252 253 254 256 257
256 -- 246 252 253 254 255 257
257 -- 246 252 253 254 255 256
258 --  32 259
259 --  32  53 230 258 301 302 303
260 -- 261 294
261 --  98 175 260 275 293 294
262 -- 110 264
263 -- 271 343 356
264 --  62 262 273
265 --  46 243 274
266 -- 243 367
267 --  81 234 283 289 310 390
268 -- 153 234 271 283 285 289 458
269 -- 234 395 425
270 -- 242 244 400
271 -- 263 268 294 414
272 --  62 273
273 --  23  62  63 264 272 278
274 -- 132 243 265
275 --  40 261
276 --   2   7  21  24  95 128 142 160 165 166 315 350 356
277 -- 100 220 441 454
278 --  62 273
279 -- 132 243
280 -- 281 308 331 376
281 -- 280 308 331 376
282 --  66 344
283 --  37 267 268 284 285
284 -- 283 288
285 -- 268 283
286 -- 119 249
287 -- 395 444
288 --  74 108 206 235 284 298 299 395 414 444
289 -- 240 267 268 395 414 444
290 -- 327 328 329 330
291 -- 101 139
292 -- 101 139 383
293 --  66 261
294 --  77 179 260 261 271 324 363 408 477
295 --  66  67
296 --  66  67 344
297 --  82 211 356 380 424
298 -- 288 394
299 -- 104 288 310
300 --  35  69 387 473
301 -- 259 303
302 -- 259 303
303 --  53 259 301 302
304 -- 137 305 391
305 -- 304 307
306 -- 104 394
307 -- 167 305
308 --  74 280 281 414 439
309 -- 414 458
310 -- 267 299 390
311 --  12  13  14  15  16 212 322 346 407 467 478
312 --   4 212 334 433
313 -- 333 367 473
314 --   4 212 334
315 --  21  95 181 276 348 403
316 -- 318 480
317 --  18 188 237 332 341 345 359 368 382 386 400 401 412 413 440 449 450 475
479 480
318 -- 316 332 359 479
319 --  19 470
320 -- 328 329 351 435
321 --   0  29 251
322 --  13  14 311 346 407 478
323 --   8 120
324 -- 239 294 372 408
325 -- 209 371 399 404
326 --  65  75  76 417
327 -- 290 328 329 330 351
328 -- 290 320 327 329 330 339 351
329 -- 290 320 327 328 330 339 351 381
330 --  79 290 327 328 329 351
331 --  59  60 181 213 280 281 337 340 348 350 375 393 403 426
332 -- 317 318 418 480
333 --  90 313 373
334 -- 212 312 314
335 -- 336 358
336 -- 335 339 373 387
337 --   9 331
338 -- 362 422
339 -- 328 329 336 373
340 --   8 181 331
341 --  69 317
342 -- 372 386 400 401 479
343 --  18 218 263 362 377 422
344 -- 224 282 296 363
345 -- 174 317
346 --  12  13  14  15  17 151 311 322 407 467 478
347 -- 102 181
348 --   7  99 128 181 315 331 393 403 426 460 483
349 --  56 178 405 443
350 -- 181 276 331
351 -- 320 327 328 329 330 435
352 -- 363 473
353 -- 101 248 432
354 --  51  52 249 358 438 441 454
355 --  82 356 357
356 --  20  82 211 241 263 276 297 355 380 421 466
357 -- 355 380
358 --  51  52 335 354 387
359 -- 317 318
360 --   0 369 389 452 453 481 487
361 --   1   5  39  40  41 411 432
362 --  45 338 343 384 417
363 --   3 149 294 344 352 370 373 389 392 399 412 431 434 445 446
364 -- 104 178 373 397 456
365 -- 438 441 451
366 -- 379 394 444 458
367 --  46 120 266 313
368 -- 221 222 223 317 382 438 475
369 --   0   2 360 382 459 463 481
370 --   0 363
371 -- 325 404
372 --  66  68 200 216 324 342 475
373 -- 333 336 339 363 364 456
374 -- 384 417
375 -- 133 181 331 376 381 393 426 437 483
376 -- 280 281 375
377 -- 250 343
378 -- 397 486
379 -- 106 113 234 366 394 444
380 -- 297 356 357
381 -- 181 329 375 471
382 -- 248 317 368 369 442
383 -- 249 292 438 441 454
384 -- 362 374 429 436 485
385 --  57 457
386 -- 317 342 475
387 --  35  69 300 336 358
388 --  76 130 413
389 --  75 360 363
390 --  16  26 121 214 235 267 310 395 414 439
391 -- 304 417
392 -- 158 363
393 --   7 181 331 348 375 403 426 437 460 483
394 --  25 104 109 113 129 135 298 306 366 379 444
395 --  16  73 104 113 135 233 234 235 269 287 288 289 390 398 425 439 457
396 --  27  30 182 418
397 --   3 364 378 415 474 486
398 -- 113 395
399 -- 325 363 404
400 -- 237 270 317 342 401
401 -- 317 342 400
402 -- 181 403 410
403 --   7 128 181 315 331 348 393 402 410 426 460 464 471 483
404 -- 325 371 399
405 -- 178 349 429
406 --  36  50  64  80  87  88  89  91  92 455 462
407 --  12  13  14  15  17 311 322 346 467 478
408 -- 294 324
409 -- 116 417
410 -- 181 402 403 417
411 -- 361 455
412 -- 317 363
413 --  19 317 388
414 --  81 104 111 135 153 234 235 271 288 289 308 309 390 458
415 -- 397 486
416 --  55 102 141 142 148 431
417 --   3  90 326 362 374 391 409 410 448 452 463 468
418 -- 332 396
419 -- 102 103 111 451 468
420 --  18 436
421 --  70  82 356
422 -- 338 343
423 -- 208 475
424 --  58  82 297 465 466
425 --  79 234 269 395
426 --   9  60 181 331 348 375 393 403 460 483
427 --  56 178
428 --  96 161 431 455 477
429 -- 384 405 481
430 -- 150 447 468
431 -- 109 363 416 428 458
432 -- 101 248 353 361
433 --  64  80  88  89  91  93 312 455
434 -- 363 456
435 -- 320 351
436 -- 384 420
437 --  20 156 186 203 375 393
438 --  19  67 354 365 368 383 441 454 470
439 -- 104 112 235 308 390 395
440 -- 217 218 317 475
441 -- 119 132 139 243 277 354 365 383 438 449 485
442 --  18  27  30 221 222 223 382 480
443 -- 178 349
444 --  81 113 135 234 287 288 289 366 379 394 460
445 -- 168 363
446 -- 151 161 224 363
447 --  66 430
448 --  76 417
449 -- 317 441 480 485
450 --  14 188 317
451 --   0 365 419
452 -- 360 417
453 -- 181 360
454 -- 277 354 383 438 485
455 --  50  80  87  91  93  94 406 411 428 433 461 462 469 477 481 482
456 --   3 364 373 434 461
457 --   8   9  57 104 385 395
458 -- 104 113 268 309 366 414 431
459 --  66 369
460 -- 156 181 348 393 403 426 444
461 -- 455 456 482
462 -- 406 455
463 -- 369 417
464 -- 181 403 471
465 --  70 424
466 -- 356 424
467 --  10  13  14  15  78 311 346 407 478
468 -- 417 419 430 481
469 -- 114 115 116 117 181 251 455
470 --  19 119 222 223 319 438
471 -- 181 381 403 464
472 --  68 486
473 --  69  76  85 300 313 352
474 -- 397 486
475 -- 188 214 218 317 368 372 386 423 440
476 --   0  26  61
477 --  50 294 428 455
478 --  12  13  14  15  17 311 322 346 407 467
479 -- 317 318 342
480 --   6 219 316 317 332 442 449 485
481 --   0 360 369 429 455 468
482 -- 455 461
483 --  37 181 348 375 393 403 426
484 --   0  28  29 251
485 -- 100 220 384 441 449 454 480
486 --   3 378 397 415 472 474
487 --  10 360

Parametres calculats



Algorisme : multilevel
Comunitats : Clustering with 488 elements and 17 clusters
[ 0] 16, 43, 44, 55, 56, 59, 76, 83, 84, 123, 141, 142, 148, 152, 178, 195,
     238, 239, 349, 405, 416, 427, 431, 443, 448
[ 1] 176, 177, 189, 190, 209, 325, 371, 399, 404
[ 2] 10, 22, 23, 24, 26, 45, 49, 61, 62, 63, 71, 72, 102, 103, 110, 111, 130,
     137, 150, 158, 159, 160, 183, 185, 186, 192, 262, 264, 272, 273, 278,
     347, 365, 388, 392, 413, 419, 430, 447, 451, 468, 476, 487
[ 3] 94, 124, 125, 163, 168, 169, 170, 171, 172, 173, 184, 196, 197, 198, 199,
     201, 202, 204, 205, 207, 208, 210, 225, 226, 227, 228, 236, 423, 445
[ 4] 12, 13, 14, 15, 17, 311, 322, 346, 407, 467, 478
[ 5] 290, 320, 327, 328, 329, 330, 339, 351, 435
[ 6] 1, 5, 6, 18, 19, 27, 30, 38, 39, 41, 42, 51, 52, 100, 101, 126, 127, 139,
     219, 220, 221, 222, 223, 246, 247, 248, 249, 252, 253, 254, 255, 256,
     257, 277, 291, 292, 319, 353, 354, 358, 361, 368, 382, 383, 396, 411,
     432, 438, 441, 442, 449, 454, 470, 480, 485
[ 7] 8, 9, 46, 57, 119, 120, 131, 132, 133, 242, 243, 244, 245, 265, 266, 270,
     274, 279, 286, 323, 337, 367, 385, 457
[ 8] 3, 35, 69, 90, 149, 300, 313, 333, 335, 336, 341, 352, 363, 364, 370,
     373, 378, 387, 397, 412, 415, 434, 456, 473, 474, 486
[ 9] 7, 20, 21, 60, 95, 128, 156, 157, 165, 166, 181, 203, 213, 276, 280, 281,
     308, 315, 331, 340, 348, 350, 375, 376, 381, 393, 402, 403, 410, 426,
     437, 460, 464, 471, 483
[10] 58, 70, 82, 140, 164, 180, 182, 211, 241, 297, 355, 356, 357, 380, 421,
     424, 465, 466
[11] 68, 188, 214, 215, 216, 217, 218, 237, 316, 317, 318, 332, 342, 359, 372,
     386, 400, 401, 418, 440, 450, 472, 475, 479
[12] 4, 31, 32, 33, 34, 36, 47, 48, 53, 78, 96, 99, 143, 144, 145, 146, 212,
     229, 230, 231, 232, 258, 259, 301, 302, 303, 312, 314, 334
[13] 73, 74, 79, 81, 104, 105, 107, 108, 109, 112, 113, 117, 118, 121, 122,
     129, 135, 153, 155, 191, 206, 233, 234, 235, 240, 263, 267, 268, 269,
     271, 283, 284, 285, 287, 288, 289, 298, 299, 306, 309, 310, 366, 379,
     390, 394, 395, 398, 414, 425, 439, 444, 458
[14] 50, 64, 80, 87, 88, 89, 91, 92, 93, 97, 136, 147, 161, 162, 406, 428,
     433, 455, 461, 462, 477, 482
[15] 40, 54, 66, 67, 98, 151, 154, 174, 175, 179, 224, 260, 261, 275, 282,
     293, 294, 295, 296, 324, 344, 345, 408, 446
[16] 0, 2, 11, 25, 28, 29, 37, 65, 75, 77, 85, 86, 106, 114, 115, 116, 134,
     138, 167, 187, 193, 194, 200, 250, 251, 304, 305, 307, 321, 326, 338,
     343, 360, 362, 369, 374, 377, 384, 389, 391, 409, 417, 420, 422, 429,
     436, 452, 453, 459, 463, 469, 481, 484
Temps d'execusio : 7.80701637268
Modularitat : 0.748803525491

Algorisme : fastgreedy
Comunitats : Clustering with 488 elements and 18 clusters
[ 0] 0, 1, 2, 10, 11, 28, 29, 37, 65, 75, 77, 102, 111, 114, 115, 116, 200,
     251, 321, 326, 338, 347, 360, 362, 365, 369, 374, 384, 389, 409, 417,
     419, 420, 422, 429, 430, 436, 447, 451, 452, 453, 459, 463, 468, 469,
     481, 484, 487
[ 1] 3, 35, 69, 90, 149, 300, 313, 333, 335, 336, 341, 352, 363, 364, 370,
     373, 378, 387, 397, 412, 415, 434, 445, 456, 473, 474, 486
[ 2] 4, 12, 13, 14, 15, 17, 78, 212, 311, 312, 314, 322, 334, 346, 407, 467,
     478
[ 3] 5, 6, 18, 19, 27, 30, 38, 39, 42, 51, 52, 68, 100, 101, 119, 139, 188,
     214, 215, 216, 217, 218, 219, 220, 221, 222, 223, 237, 247, 248, 249,
     277, 286, 291, 292, 316, 317, 318, 319, 332, 342, 343, 353, 354, 358,
     359, 361, 368, 372, 382, 383, 386, 396, 400, 401, 413, 418, 432, 438,
     440, 442, 449, 450, 454, 470, 472, 475, 479, 480, 485
[ 4] 7, 21, 60, 95, 128, 156, 157, 158, 159, 160, 162, 165, 166, 181, 186,
     203, 213, 276, 280, 281, 315, 331, 340, 348, 350, 375, 376, 381, 392,
     393, 402, 403, 410, 426, 437, 460, 464, 471, 483
[ 5] 8, 9, 46, 57, 120, 131, 132, 133, 240, 242, 243, 244, 245, 265, 266, 270,
     274, 279, 323, 337, 367, 385, 441, 457
[ 6] 16, 73, 74, 79, 81, 104, 105, 107, 108, 109, 112, 113, 117, 118, 121,
     122, 129, 135, 136, 153, 155, 161, 191, 206, 233, 234, 235, 267, 268,
     269, 271, 283, 284, 285, 287, 288, 289, 298, 299, 306, 308, 309, 310,
     366, 379, 390, 394, 395, 398, 414, 425, 431, 439, 444, 458
[ 7] 20, 58, 70, 82, 140, 164, 180, 182, 211, 241, 263, 297, 355, 356, 357,
     380, 421, 424, 465, 466
[ 8] 22, 23, 24, 26, 45, 49, 61, 62, 63, 71, 72, 98, 103, 110, 137, 150, 183,
     192, 262, 264, 272, 273, 278, 476
[ 9] 25, 85, 86, 106, 167, 193, 194, 250, 304, 305, 307, 377, 391
[10] 31, 32, 33, 34, 47, 48, 53, 54, 96, 97, 99, 143, 144, 145, 146, 185, 229,
     230, 231, 232, 258, 259, 301, 302, 303
[11] 36, 50, 64, 80, 87, 88, 89, 91, 92, 93, 147, 406, 411, 428, 433, 455,
     461, 462, 477, 482
[12] 40, 43, 154, 174, 175, 179, 238, 239, 260, 261, 275, 293, 294, 324, 345,
     408
[13] 41, 66, 67, 134, 138, 151, 187, 224, 282, 295, 296, 344, 446
[14] 44, 55, 56, 59, 76, 83, 84, 123, 130, 141, 142, 148, 152, 176, 177, 178,
     189, 190, 195, 209, 325, 349, 371, 388, 399, 404, 405, 416, 427, 443, 448
[15] 94, 124, 125, 163, 168, 169, 170, 171, 172, 173, 184, 196, 197, 198, 199,
     201, 202, 204, 205, 207, 208, 210, 225, 226, 227, 228, 236, 423
[16] 126, 127, 246, 252, 253, 254, 255, 256, 257
[17] 290, 320, 327, 328, 329, 330, 339, 351, 435
Temps d'execusio : 4.27103042603
Modularitat : 0.754115226337

Algorisme : walktrap
Comunitats : Clustering with 488 elements and 32 clusters
[ 0] 0, 2, 3, 10, 11, 20, 22, 24, 40, 43, 55, 59, 61, 63, 65, 66, 67, 75, 76,
     77, 94, 96, 97, 98, 102, 103, 105, 111, 112, 114, 115, 116, 117, 118,
     121, 122, 123, 130, 135, 136, 142, 148, 149, 152, 154, 156, 157, 158,
     159, 160, 161, 162, 163, 179, 186, 199, 203, 224, 238, 239, 260, 261,
     275, 282, 293, 294, 295, 296, 324, 326, 344, 347, 360, 363, 364, 365,
     369, 370, 373, 388, 389, 392, 408, 409, 412, 413, 416, 417, 419, 428,
     431, 434, 437, 446, 448, 451, 452, 453, 456, 459, 461, 463, 468, 469,
     477, 481, 482, 487
[ 1] 1, 5, 18, 19, 38, 39, 41, 42, 100, 101, 119, 126, 127, 139, 219, 220,
     221, 222, 223, 247, 248, 249, 277, 286, 291, 292, 319, 353, 361, 368,
     382, 383, 411, 432, 438, 441, 442, 449, 454, 470, 480, 485
[ 2] 4, 212, 312, 314, 334
[ 3] 6, 27, 30, 68, 188, 214, 215, 216, 217, 218, 237, 316, 317, 318, 332,
     342, 359, 372, 386, 396, 400, 401, 418, 440, 450, 472, 475, 479
[ 4] 7, 21, 60, 95, 128, 165, 166, 181, 213, 276, 280, 281, 308, 315, 331,
     340, 348, 350, 375, 376, 381, 393, 402, 403, 410, 426, 460, 464, 471, 483
[ 5] 8, 9, 57, 90, 120, 266, 313, 323, 333, 337, 367, 385, 457
[ 6] 12, 13, 14, 15, 17, 311, 322, 346, 407, 467, 478
[ 7] 16, 37, 73, 74, 79, 81, 104, 107, 108, 109, 113, 129, 153, 155, 191, 200,
     206, 233, 234, 235, 267, 268, 269, 271, 283, 284, 285, 287, 288, 289,
     298, 299, 306, 309, 310, 366, 379, 390, 394, 395, 398, 414, 425, 439,
     444, 458
[ 8] 23, 62, 264, 272, 273, 278
[ 9] 25, 44, 83, 84, 85, 86, 106, 141, 167, 193, 195
[10] 26, 31, 33, 34, 47, 48, 78, 143, 144, 145, 146, 185, 476
[11] 28, 29, 251, 321, 484
[12] 32, 53, 54, 151, 258, 259, 301, 302, 303
[13] 35, 51, 52, 69, 300, 335, 336, 339, 341, 352, 354, 358, 387, 473
[14] 36, 50, 64, 80, 87, 88, 89, 91, 92, 93, 147, 406, 433, 455, 462
[15] 45, 71, 72, 110, 262, 263, 338, 343, 362, 374, 384, 420, 422, 429, 436
[16] 46, 131, 132, 133, 240, 242, 243, 244, 245, 265, 270, 274, 279
[17] 49, 137, 150, 183, 192, 304, 305, 307, 391, 430, 447
[18] 56, 178, 349, 405, 427, 443
[19] 58, 70, 82, 211, 241, 297, 355, 356, 357, 380, 421, 424, 465, 466
[20] 99, 229, 230, 231, 232
[21] 124, 125, 168, 169, 170, 171, 172, 173, 184, 196, 198, 201, 204, 205,
     207, 208, 210, 236, 423, 445
[22] 134, 138, 187
[23] 140, 164, 180, 182
[24] 174, 175, 345
[25] 176, 177, 189, 190, 209
[26] 194, 250, 377
[27] 197, 202, 225, 226, 227, 228
[28] 246, 252, 253, 254, 255, 256, 257
[29] 290, 320, 327, 328, 329, 330, 351, 435
[30] 325, 371, 399, 404
[31] 378, 397, 415, 474, 486
Temps d'execusio : 28.8410186768
Modularitat : 0.71729858

Algorisme : spinglass
Comunitats : Clustering with 488 elements and 19 clusters
[ 0] 36, 50, 64, 80, 87, 88, 89, 91, 92, 93, 94, 147, 406, 411, 428, 433, 455,
     461, 462, 477, 482
[ 1] 20, 58, 70, 82, 140, 164, 180, 182, 211, 241, 263, 297, 355, 356, 357,
     380, 421, 424, 465, 466
[ 2] 0, 1, 2, 11, 18, 75, 111, 326, 338, 343, 360, 362, 369, 374, 384, 389,
     417, 419, 420, 422, 429, 436, 448, 451, 452, 453, 463, 468, 481, 487
[ 3] 40, 41, 43, 66, 67, 68, 154, 174, 175, 179, 216, 224, 238, 239, 260, 261,
     275, 282, 293, 294, 295, 296, 324, 344, 345, 372, 408, 430, 447, 459, 472
[ 4] 176, 177, 189, 190, 209, 325, 371, 399, 404
[ 5] 44, 55, 56, 59, 76, 83, 84, 102, 123, 141, 142, 148, 152, 178, 246, 252,
     253, 254, 255, 256, 257, 347, 349, 405, 416, 427, 443
[ 6] 28, 29, 37, 65, 77, 114, 115, 126, 127, 200, 251, 321, 469, 484
[ 7] 5, 6, 27, 30, 38, 39, 42, 188, 214, 215, 217, 218, 221, 222, 223, 237,
     247, 248, 316, 317, 318, 332, 342, 353, 359, 361, 368, 382, 386, 396,
     400, 401, 418, 432, 440, 442, 450, 475, 479, 480
[ 8] 124, 125, 163, 168, 169, 170, 171, 172, 173, 184, 196, 197, 198, 199,
     201, 202, 204, 205, 207, 208, 210, 225, 226, 227, 228, 236, 423, 445
[ 9] 25, 85, 86, 106, 116, 167, 193, 194, 195, 250, 304, 305, 307, 377, 391,
     409
[10] 4, 31, 32, 33, 34, 47, 48, 53, 96, 97, 99, 143, 144, 145, 146, 185, 212,
     229, 230, 231, 232, 258, 259, 301, 302, 303, 312, 314, 334
[11] 16, 73, 74, 79, 81, 104, 105, 107, 108, 109, 112, 113, 117, 118, 121,
     122, 129, 135, 136, 153, 155, 161, 191, 206, 233, 234, 235, 267, 268,
     269, 271, 283, 284, 285, 287, 288, 289, 298, 299, 306, 308, 309, 310,
     366, 379, 390, 394, 395, 398, 414, 425, 431, 439, 444, 458
[12] 8, 9, 57, 90, 120, 323, 337, 385, 457
[13] 19, 46, 51, 52, 100, 101, 119, 131, 132, 133, 139, 219, 220, 240, 242,
     243, 244, 245, 249, 265, 266, 270, 274, 277, 279, 286, 291, 292, 319,
     354, 358, 365, 367, 383, 438, 441, 449, 454, 470, 485
[14] 290, 320, 327, 328, 329, 330, 339, 351, 435
[15] 3, 35, 69, 149, 300, 313, 333, 335, 336, 341, 352, 363, 364, 370, 373,
     378, 387, 392, 397, 412, 415, 434, 446, 456, 473, 474, 486
[16] 7, 21, 60, 95, 128, 156, 157, 158, 159, 160, 162, 165, 166, 181, 186,
     203, 213, 276, 280, 281, 315, 331, 340, 348, 350, 375, 376, 381, 393,
     402, 403, 410, 426, 437, 460, 464, 471, 483
[17] 10, 22, 23, 24, 26, 45, 49, 61, 62, 63, 71, 72, 98, 103, 110, 130, 137,
     150, 183, 192, 262, 264, 272, 273, 278, 388, 413, 476
[18] 12, 13, 14, 15, 17, 54, 78, 134, 138, 151, 187, 311, 322, 346, 407, 467,
     478
Temps d'execusio : 12.9919497967
Modularitat : 0.758355847383

Algorisme : labelpropagation
Comunitats : Clustering with 488 elements and 34 clusters
[ 0] 0, 1, 2, 61, 102, 103, 111, 150, 347, 360, 369, 374, 409, 417, 419, 429,
     430, 448, 451, 452, 453, 459, 463, 468, 476, 481, 487
[ 1] 3, 336, 364, 373, 378, 397, 415, 434, 456, 474, 486
[ 2] 4, 212, 312, 314, 334
[ 3] 5, 38, 39, 40, 42, 248, 353, 361, 432
[ 4] 6, 18, 19, 27, 30, 174, 175, 180, 182, 188, 194, 208, 214, 215, 217, 218,
     221, 222, 223, 237, 247, 250, 316, 317, 318, 319, 332, 338, 342, 343,
     345, 359, 362, 368, 377, 382, 384, 386, 396, 400, 401, 412, 413, 418,
     420, 422, 423, 436, 440, 442, 449, 450, 470, 475, 479, 480
[ 5] 7, 21, 24, 37, 60, 65, 95, 99, 128, 133, 156, 157, 160, 165, 166, 181,
     203, 213, 276, 280, 281, 315, 331, 340, 348, 350, 375, 376, 381, 393,
     402, 403, 410, 426, 437, 460, 464, 471, 483
[ 6] 8, 9, 57, 90, 120, 323, 337, 385, 457
[ 7] 10, 97, 105, 116, 117, 118, 121, 122, 136, 148, 161, 162
[ 8] 11, 75, 134, 138, 149, 151, 187, 224, 282, 344, 363, 370, 389, 392, 445,
     446
[ 9] 12, 13, 14, 15, 17, 78, 311, 322, 346, 407, 467, 478
[10] 16, 48, 73, 74, 79, 81, 104, 107, 108, 109, 112, 113, 129, 135, 153, 155,
     191, 206, 233, 234, 235, 263, 267, 268, 269, 271, 283, 284, 285, 287,
     288, 289, 298, 299, 306, 308, 309, 310, 366, 379, 390, 394, 395, 398,
     414, 425, 431, 439, 444, 458
[11] 20, 58, 70, 82, 140, 164, 211, 241, 297, 355, 356, 357, 380, 421, 424,
     465, 466
[12] 22, 23, 62, 63, 159, 186, 264, 272, 273, 278
[13] 25, 85, 86, 106, 167, 193, 195, 305, 307
[14] 26, 45, 71, 72, 110, 185, 262
[15] 28, 29, 77, 114, 115, 126, 251, 321, 469, 484
[16] 31, 33, 34, 47, 96, 98, 143, 144, 145, 146
[17] 32, 53, 54, 258, 259, 301, 302, 303
[18] 35, 69, 300, 313, 333, 341, 352, 387, 473
[19] 36, 50, 64, 80, 87, 88, 89, 91, 92, 93, 147, 406, 411, 428, 433, 455,
     461, 462, 477, 482
[20] 41, 66, 67, 293, 295, 296, 447
[21] 43, 44, 55, 59, 76, 83, 84, 123, 130, 141, 142, 152, 158, 176, 177, 189,
     190, 209, 326, 388, 416
[22] 46, 131, 132, 238, 240, 242, 243, 244, 245, 265, 266, 270, 274, 279, 367
[23] 49, 137, 192, 304, 391
[24] 51, 52, 100, 101, 119, 139, 183, 219, 220, 249, 277, 286, 291, 292, 335,
     354, 358, 365, 383, 438, 441, 454, 485
[25] 56, 178, 349, 405, 427, 443
[26] 68, 200, 216, 372, 472
[27] 94, 124, 125, 163, 168, 169, 170, 171, 172, 173, 184, 196, 198, 199, 201,
     204, 205, 207, 210, 228, 236
[28] 127, 246, 252, 253, 254, 255, 256, 257
[29] 154, 179, 239, 260, 261, 275, 294, 324, 408
[30] 197, 202, 225, 226, 227
[31] 229, 230, 231, 232
[32] 290, 320, 327, 328, 329, 330, 339, 351, 435
[33] 325, 371, 399, 404
Temps d'execusio : 0.00549817085266
Modularitat : 0.737118068618

Algorisme : infomap
Comunitats : Clustering with 488 elements and 54 clusters
[ 0] 16, 73, 74, 81, 104, 113, 206, 233, 234, 235, 267, 268, 269, 271, 283,
     284, 285, 287, 288, 289, 298, 299, 306, 309, 310, 366, 379, 390, 394,
     395, 398, 414, 425, 439, 444, 458
[ 1] 7, 60, 128, 181, 213, 331, 340, 348, 350, 375, 381, 393, 402, 403, 410,
     426, 460, 464, 471, 483
[ 2] 94, 124, 125, 168, 169, 170, 171, 172, 173, 184, 196, 198, 199, 201, 204,
     205, 207, 210, 236
[ 3] 36, 50, 64, 80, 87, 88, 89, 91, 93, 406, 428, 433, 455, 461, 462, 477,
     482
[ 4] 188, 237, 316, 317, 318, 332, 342, 359, 386, 400, 401, 449, 450, 479, 480
[ 5] 100, 101, 139, 219, 220, 277, 291, 292, 365, 383, 438, 441, 454, 485
[ 6] 58, 70, 82, 211, 241, 297, 355, 356, 357, 380, 421, 424, 465, 466
[ 7] 92, 105, 112, 117, 118, 121, 122, 135, 136, 147, 161, 162, 163
[ 8] 12, 13, 14, 15, 17, 311, 322, 346, 407, 467, 478
[ 9] 44, 55, 59, 76, 83, 84, 123, 141, 142, 152, 195, 416
[10] 31, 33, 34, 47, 48, 78, 96, 97, 143, 144, 145, 146
[11] 41, 66, 67, 68, 216, 282, 295, 296, 344, 372
[12] 19, 221, 222, 223, 319, 368, 382, 442, 470
[13] 28, 29, 77, 114, 115, 126, 127, 251, 321, 469, 484
[14] 5, 38, 39, 42, 247, 248, 353, 361, 411, 432
[15] 46, 131, 132, 133, 243, 265, 266, 274, 279, 367
[16] 290, 320, 327, 328, 329, 330, 339, 351, 435
[17] 149, 363, 364, 373, 412, 434, 445, 456
[18] 18, 263, 338, 343, 362, 374, 384, 420, 422, 436
[19] 0, 1, 360, 369, 370, 453, 459, 481
[20] 90, 116, 313, 333, 409, 417, 448, 452, 463
[21] 174, 175, 260, 261, 293, 294, 324, 345, 408
[22] 25, 85, 86, 106, 167, 193, 194, 250, 377
[23] 23, 62, 63, 264, 272, 273, 278
[24] 246, 252, 253, 254, 255, 256, 257
[25] 208, 214, 215, 217, 218, 423, 440, 475
[26] 56, 148, 178, 349, 405, 427, 429, 443
[27] 32, 53, 258, 259, 301, 302, 303
[28] 2, 21, 95, 165, 166, 276, 315
[29] 6, 27, 30, 140, 164, 180, 182, 396, 418
[30] 10, 45, 71, 72, 98, 110, 262, 487
[31] 8, 9, 57, 120, 323, 337, 385, 457
[32] 3, 378, 397, 415, 472, 474, 486
[33] 35, 69, 300, 341, 352, 387, 473
[34] 11, 37, 65, 75, 200, 326, 389
[35] 49, 150, 183, 192, 430, 447, 468
[36] 119, 242, 244, 245, 249, 270, 286
[37] 51, 52, 335, 336, 354, 358
[38] 20, 40, 156, 157, 203, 275, 437
[39] 197, 202, 225, 226, 227, 228
[40] 54, 134, 138, 151, 187, 224, 446
[41] 22, 24, 26, 61, 103, 185, 476
[42] 4, 212, 312, 314, 334
[43] 79, 153, 154, 155, 179, 191
[44] 176, 177, 189, 190, 209
[45] 137, 304, 305, 307, 391
[46] 325, 371, 399, 404
[47] 99, 229, 230, 231, 232
[48] 102, 111, 347, 419, 451
[49] 107, 108, 109, 129, 431
[50] 158, 159, 160, 186, 392
[51] 280, 281, 308, 376
[52] 43, 238, 239, 240
[53] 130, 388, 413
Temps d'execusio : 348.124027252
Modularitat : 0.702038423979

Algorisme : edgebetweenness
Comunitats : Clustering with 488 elements and 21 clusters
[ 0] 0, 2, 10, 26, 28, 29, 59, 61, 65, 72, 75, 76, 77, 103, 114, 115, 116,
     123, 152, 158, 251, 321, 326, 360, 363, 369, 370, 374, 384, 389, 392,
     409, 417, 419, 429, 448, 451, 452, 453, 463, 468, 469, 476, 481, 484, 487
[ 1] 1, 37, 40, 41, 66, 67, 68, 98, 200, 216, 224, 260, 261, 275, 282, 293,
     294, 295, 296, 324, 344, 361, 372, 408, 430, 446, 447, 459
[ 2] 3, 55, 56, 178, 336, 349, 364, 373, 378, 397, 405, 415, 427, 434, 443,
     456, 472, 474, 486
[ 3] 4, 32, 36, 50, 64, 80, 87, 88, 89, 91, 92, 93, 147, 212, 312, 314, 334,
     406, 411, 433, 455, 461, 462, 477, 482
[ 4] 5, 6, 18, 19, 27, 30, 38, 39, 42, 51, 52, 100, 101, 119, 139, 219, 220,
     221, 222, 223, 247, 248, 249, 277, 286, 291, 292, 319, 335, 353, 354,
     358, 365, 368, 382, 383, 396, 420, 432, 436, 438, 441, 442, 449, 454,
     470, 480, 485
[ 5] 7, 21, 60, 95, 99, 102, 128, 156, 157, 160, 162, 165, 166, 181, 203, 213,
     231, 276, 280, 281, 308, 315, 331, 340, 347, 348, 350, 375, 376, 381,
     393, 402, 403, 410, 426, 437, 460, 464, 471, 483
[ 6] 8, 9, 57, 90, 120, 313, 323, 333, 337, 367, 385, 457
[ 7] 11, 16, 73, 74, 81, 96, 97, 104, 105, 107, 108, 109, 111, 112, 113, 117,
     118, 121, 122, 129, 135, 136, 149, 153, 154, 161, 179, 206, 233, 234,
     235, 267, 268, 269, 283, 284, 285, 287, 288, 289, 298, 299, 306, 309,
     310, 366, 379, 390, 394, 395, 398, 414, 425, 428, 431, 439, 444, 458
[ 8] 12, 13, 14, 15, 17, 78, 311, 322, 346, 407, 450, 467, 478
[ 9] 20, 58, 70, 82, 140, 164, 180, 182, 211, 241, 297, 355, 356, 357, 380,
     421, 424, 465, 466
[10] 22, 23, 24, 45, 49, 62, 63, 71, 110, 130, 137, 150, 159, 183, 186, 192,
     262, 263, 264, 271, 272, 273, 278, 304, 338, 343, 362, 388, 391, 422
[11] 25, 35, 69, 83, 84, 85, 86, 106, 167, 193, 194, 195, 250, 300, 305, 307,
     352, 377, 387, 473
[12] 31, 33, 34, 47, 48, 126, 127, 143, 144, 145, 146, 185, 246, 252, 253,
     254, 255, 256, 257
[13] 43, 238, 239, 240, 242, 245
[14] 44, 141, 142, 148, 416
[15] 46, 131, 132, 133, 243, 265, 266, 274, 279
[16] 53, 54, 134, 138, 151, 187, 229, 230, 232, 258, 259, 301, 302, 303
[17] 79, 155, 191, 290, 320, 327, 328, 329, 330, 339, 351, 435
[18] 94, 124, 125, 163, 168, 169, 170, 171, 172, 173, 184, 196, 197, 198, 199,
     201, 202, 204, 205, 207, 208, 210, 225, 226, 227, 228, 236, 423, 445
[19] 174, 175, 188, 214, 215, 217, 218, 237, 244, 270, 316, 317, 318, 332,
     341, 342, 345, 359, 386, 400, 401, 412, 413, 418, 440, 475, 479
[20] 176, 177, 189, 190, 209, 325, 371, 399, 404
Temps d'execusio : 5.21571707726
Modularitat : 0.740451952928

Algorisme : cfinder
Comunitats : Clustering with 488 elements and 11 clusters
[ 0] 1, 2, 6, 10, 11, 18, 20, 22, 24, 25, 26, 27, 30, 37, 40, 41, 43, 44, 47,
     48, 49, 54, 55, 58, 59, 61, 64, 65, 70, 73, 75, 76, 77, 78, 79, 81, 83,
     84, 90, 92, 94, 97, 98, 99, 100, 102, 103, 105, 106, 107, 108, 110, 111,
     112, 116, 118, 119, 123, 124, 125, 126, 127, 130, 133, 134, 136, 137,
     138, 139, 140, 141, 142, 143, 147, 148, 149, 150, 151, 152, 153, 154,
     155, 156, 157, 158, 159, 160, 162, 163, 164, 169, 173, 174, 175, 176,
     177, 179, 180, 182, 183, 184, 185, 186, 187, 189, 190, 191, 192, 193,
     194, 195, 199, 200, 203, 208, 209, 210, 217, 219, 220, 221, 224, 230,
     238, 239, 249, 250, 262, 263, 266, 271, 275, 277, 282, 284, 286, 287,
     289, 291, 292, 293, 298, 299, 304, 305, 307, 313, 316, 318, 326, 333,
     335, 337, 338, 341, 343, 344, 345, 347, 352, 357, 359, 362, 363, 367,
     370, 374, 377, 384, 388, 389, 391, 392, 396, 409, 411, 412, 413, 416,
     417, 418, 419, 420, 422, 423, 429, 430, 431, 434, 436, 445, 446, 447,
     448, 451, 452, 453, 459, 463, 465, 466, 468, 472, 476, 479, 487
[ 1] 306
[ 2] 19, 82, 109, 129, 172, 188, 196, 197, 202, 204, 205, 207, 211, 214, 215,
     218, 225, 226, 227, 228, 229, 231, 232, 237, 241, 244, 247, 270, 297,
     319, 342, 355, 356, 380, 382, 386, 400, 401, 421, 424, 440, 450, 475
[ 3] 16, 23, 28, 29, 32, 53, 62, 63, 74, 104, 113, 206, 233, 234, 235, 258,
     259, 260, 261, 264, 268, 269, 272, 273, 278, 283, 285, 288, 290, 294,
     301, 302, 303, 309, 320, 321, 324, 325, 327, 328, 329, 330, 351, 366,
     371, 379, 394, 395, 398, 399, 404, 408, 414, 425, 435, 439, 444, 458, 484
[ 4] 3, 5, 8, 9, 36, 38, 39, 42, 45, 50, 57, 67, 71, 72, 80, 87, 88, 89, 91,
     93, 101, 114, 115, 120, 240, 242, 243, 245, 248, 251, 295, 296, 323, 353,
     361, 378, 385, 397, 406, 415, 428, 432, 433, 455, 457, 461, 462, 469,
     474, 477, 482, 486
[ 5] 4, 12, 13, 14, 15, 17, 21, 35, 46, 51, 52, 66, 68, 69, 95, 131, 132, 171,
     198, 201, 212, 216, 265, 267, 274, 276, 279, 280, 281, 300, 308, 310,
     311, 312, 314, 315, 322, 331, 334, 346, 354, 358, 365, 372, 376, 383,
     387, 390, 407, 438, 454, 467, 473, 478
[ 6] 0, 31, 33, 34, 85, 86, 96, 117, 121, 122, 135, 144, 145, 146, 161, 167,
     222, 223, 246, 252, 253, 254, 255, 256, 257, 317, 332, 336, 339, 360,
     364, 368, 369, 373, 441, 442, 449, 456, 470, 480, 481, 485
[ 7] 165, 166
[ 8] 168, 170, 236
[ 9] 56, 178, 349, 405, 427, 443
[10] 7, 60, 128, 181, 213, 340, 348, 350, 375, 381, 393, 402, 403, 410, 426,
     437, 460, 464, 471, 483
Temps d'execusio : 49.9958992004
Modularitat : 0.466152453366