# The communities at k=3
# from /Users/paupericay/Dropbox/MIIACS/Projecte/Programes/Comparador/cfinder/protein_.dat
# at no lower link weight threshold,
# and at no upper link weight threshold.
# Links were treated as undirected.
# No time limit was set for the clique search.

0: 104 306 394 
1: 394 109 129 
2: 104 206 394 395 414 439 457 379 288 135 113 235 398 444 390 16 234 233 269 425 366 74 
3: 120 323 8 
4: 441 131 132 243 274 279 265 46 
5: 144 145 146 248 31 33 34 96 
6: 276 165 166 
7: 168 170 236 
8: 178 349 405 427 443 56 
9: 128 181 348 403 375 437 460 213 315 331 340 350 381 393 402 410 426 464 471 483 60 7 
10: 470 19 319 438 
11: 196 197 228 
12: 197 202 225 226 227 
13: 205 172 207 204 
14: 450 317 188 475 214 215 218 440 368 382 386 
15: 248 223 247 5 
16: 229 231 232 
17: 317 237 400 401 342 
18: 356 211 297 241 380 424 355 421 82 
19: 242 244 270 
20: 259 258 32 
21: 259 301 302 303 53 
22: 261 294 260 
23: 268 283 285 
24: 23 273 62 264 272 278 63 
25: 321 484 251 28 29 
26: 294 324 408 
27: 104 414 458 309 
28: 290 327 328 329 330 320 351 435 339 
29: 325 371 399 404 
30: 3 397 486 378 415 474 
31: 361 38 39 42 5 
32: 457 385 57 8 9 
33: 428 477 433 36 406 50 455 462 91 80 87 88 89 93 
34: 72 45 71 
35: 455 461 482 
36: 296 66 295 67 
37: 101 353 432 248 
38: 114 251 469 115 
39: 245 243 240 242 
40: 467 12 311 346 407 478 13 322 14 15 17 
41: 171 198 201 
42: 276 315 21 95 
43: 212 312 314 334 4 
44: 372 216 66 68 
45: 390 267 310 
46: 331 280 281 308 376 
47: 300 387 473 35 69 
48: 441 438 354 383 454 365 
49: 354 358 51 52 
50: 167 85 86 
51: 161 135 117 121 122 
52: 470 442 368 222 223 
53: 485 441 317 480 332 449 
54: 339 373 336 
55: 364 456 373 
56: 0 360 369 481 
57: 252 246 253 254 255 256 257 
