# The links inside the communities at k=3
# from /Users/paupericay/Dropbox/MIIACS/Projecte/Programes/Comparador/cfinder/protein_.dat
# at no lower link weight threshold,
# and at no upper link weight threshold.
# Links were treated as undirected.
# No time limit was set for the clique search.

0:
104 306
104 394
306 394
1:
394 109
394 129
109 129
2:
104 395
104 439
104 457
206 288
206 235
394 379
394 135
394 113
394 444
394 366
395 439
395 457
395 288
395 135
395 113
395 235
395 398
395 390
395 16
395 234
395 233
395 269
395 425
414 288
414 235
414 390
439 235
439 390
379 113
379 444
379 234
379 366
288 235
288 74
135 113
135 444
113 235
113 398
113 444
235 390
235 233
235 74
444 234
444 366
390 16
234 233
234 269
234 425
269 425
3:
120 323
120 8
323 8
4:
441 132
441 243
131 132
131 46
132 243
132 274
132 279
132 46
243 274
243 279
243 265
243 46
274 265
265 46
5:
144 146
144 31
144 33
145 248
145 31
145 33
146 33
248 31
31 33
31 34
31 96
33 34
33 96
6:
276 165
276 166
165 166
7:
168 170
168 236
170 236
8:
178 349
178 405
178 427
178 443
178 56
349 405
349 443
349 56
427 56
9:
128 181
128 348
128 403
181 348
181 403
181 375
181 460
181 213
181 315
181 331
181 340
181 350
181 381
181 393
181 402
181 410
181 426
181 464
181 471
181 483
181 7
348 403
348 460
348 315
348 331
348 393
348 426
348 483
348 7
403 460
403 315
403 331
403 393
403 402
403 410
403 426
403 464
403 471
403 483
403 7
375 437
375 331
375 381
375 393
375 426
375 483
437 393
460 393
460 426
213 331
331 340
331 350
331 393
331 426
331 60
381 471
393 426
393 483
393 7
402 410
426 483
426 60
464 471
10:
470 19
470 319
470 438
19 319
19 438
11:
196 197
196 228
197 228
12:
197 202
197 225
197 226
197 227
202 225
202 226
202 227
13:
205 172
205 207
205 204
172 207
207 204
14:
450 317
450 188
317 188
317 475
317 440
317 368
317 382
317 386
188 475
475 214
475 218
475 440
475 368
475 386
214 215
214 218
215 218
218 440
368 382
15:
248 223
248 5
223 247
223 5
247 5
16:
229 231
229 232
231 232
17:
317 237
317 400
317 401
237 400
400 401
400 342
401 342
18:
356 211
356 297
356 241
356 380
356 355
356 421
356 82
211 297
211 82
297 380
297 424
297 82
241 82
424 82
355 82
421 82
19:
242 244
242 270
244 270
20:
259 258
259 32
258 32
21:
259 301
259 302
259 303
259 53
301 303
302 303
303 53
22:
261 294
261 260
294 260
23:
268 283
268 285
283 285
24:
23 273
23 62
273 62
273 264
273 272
273 278
273 63
62 264
62 272
62 278
62 63
25:
321 251
321 29
484 251
484 28
484 29
251 29
28 29
26:
294 324
294 408
324 408
27:
104 414
104 458
414 458
414 309
458 309
28:
290 327
290 328
290 329
290 330
327 328
327 329
327 330
327 351
328 329
328 330
328 320
328 351
328 339
329 330
329 320
329 351
329 339
330 351
320 351
320 435
351 435
29:
325 371
325 399
325 404
371 404
399 404
30:
3 397
3 486
397 486
397 378
397 415
397 474
486 378
486 415
486 474
31:
361 39
361 5
38 39
38 5
39 42
39 5
42 5
32:
457 385
457 57
457 8
457 9
385 57
57 8
57 9
33:
428 477
428 455
477 50
477 455
433 455
433 91
433 80
433 93
36 406
36 50
406 50
406 455
406 462
406 91
406 80
406 87
406 88
406 89
50 455
50 91
455 462
455 91
455 80
455 87
455 93
87 88
87 89
34:
72 45
72 71
45 71
35:
455 461
455 482
461 482
36:
296 66
296 67
66 295
66 67
295 67
37:
101 353
101 432
353 432
353 248
432 248
38:
114 251
114 469
251 469
251 115
469 115
39:
245 243
245 242
243 240
243 242
240 242
40:
467 311
467 346
467 407
467 478
467 13
467 14
467 15
12 311
12 346
12 407
12 478
311 346
311 407
311 478
311 13
311 322
311 14
311 15
346 407
346 478
346 13
346 322
346 14
346 15
346 17
407 478
407 13
407 322
407 14
407 15
407 17
478 13
478 322
478 14
478 15
478 17
13 322
322 14
41:
171 198
171 201
198 201
42:
276 315
276 21
276 95
315 21
315 95
21 95
43:
212 312
212 314
212 334
212 4
312 334
312 4
314 334
314 4
44:
372 216
372 66
372 68
216 68
66 68
45:
390 267
390 310
267 310
46:
331 280
331 281
280 281
280 308
280 376
281 308
281 376
47:
300 387
300 473
300 35
300 69
387 35
387 69
473 69
48:
441 438
441 354
441 383
441 365
438 354
438 383
438 454
438 365
354 454
383 454
49:
354 358
354 51
354 52
358 51
358 52
51 52
50:
167 85
167 86
85 86
51:
161 121
161 122
135 121
135 122
117 121
117 122
121 122
52:
470 222
470 223
442 222
442 223
368 222
368 223
222 223
53:
485 441
485 480
485 449
441 449
317 480
317 332
317 449
480 332
480 449
54:
339 373
339 336
373 336
55:
364 456
364 373
456 373
56:
0 360
0 369
0 481
360 369
360 481
369 481
57:
252 246
252 253
252 254
252 255
252 256
252 257
246 253
246 254
246 255
246 256
246 257
253 254
253 255
253 256
253 257
254 255
254 256
254 257
255 256
255 257
256 257
