# The links inside the communities at k=3
# from /Users/paupericay/Dropbox/MIIACS/Projecte/Programes/Comparador/cfinder/polbooks.dat
# at no lower link weight threshold,
# and at no upper link weight threshold.
# Links were treated as undirected.
# No time limit was set for the clique search.

0:
103 104
103 67
104 67
1:
3 10
3 11
3 12
3 15
3 16
3 19
3 21
3 13
3 14
3 17
3 20
3 22
3 26
3 27
3 18
3 23
3 24
3 25
3 8
3 9
6 10
6 12
6 22
6 18
6 25
10 11
10 12
10 15
10 16
10 19
10 21
10 33
10 35
10 37
10 38
10 39
10 55
10 8
11 12
11 21
11 13
11 14
11 17
11 20
11 22
11 26
11 27
11 29
11 45
11 47
11 50
11 8
11 9
12 15
12 33
12 38
12 39
12 55
12 13
12 14
12 17
12 47
12 18
12 23
12 24
12 32
12 36
12 40
12 41
12 44
12 46
12 54
12 8
12 9
15 16
15 55
19 55
21 23
21 8
33 37
33 38
33 39
33 47
33 23
33 32
33 8
35 37
35 38
35 39
35 36
35 40
35 44
35 43
35 8
35 34
37 38
37 47
37 8
37 34
38 39
38 34
39 40
39 42
39 34
13 17
13 29
13 47
13 32
13 40
13 44
13 42
13 43
13 8
14 26
14 25
14 8
14 9
17 47
20 24
20 40
20 57
20 48
20 49
20 53
20 8
20 9
22 40
22 25
22 8
26 45
26 47
26 24
26 40
26 53
26 8
27 47
27 23
27 40
27 41
27 54
27 8
27 9
45 47
45 40
45 8
45 9
47 23
47 24
47 36
47 40
47 41
47 46
47 54
47 42
47 9
50 9
23 32
23 54
23 8
24 40
24 53
24 8
24 9
32 8
36 41
36 34
40 41
40 44
40 54
40 42
40 25
40 53
40 8
41 54
41 8
41 9
44 8
46 8
42 43
42 8
43 8
57 48
57 49
48 49
48 9
49 9
8 9
2:
4 30
4 31
100 101
100 66
100 73
100 79
100 83
100 84
100 86
100 99
100 91
100 62
100 96
100 98
101 84
101 86
101 61
101 94
14 58
14 7
58 77
58 7
58 52
58 30
58 51
58 64
58 65
58 69
58 68
58 85
77 30
77 31
77 75
77 76
77 71
7 30
7 85
49 72
49 31
49 76
52 9
52 51
52 64
28 66
28 72
66 72
66 30
66 67
66 70
66 73
66 74
66 76
66 80
66 84
66 86
66 93
66 99
66 64
66 85
66 88
66 89
66 90
66 96
66 97
72 70
72 73
72 74
72 75
72 76
72 79
72 80
72 82
72 84
72 86
72 78
72 91
72 85
72 88
72 89
72 90
72 71
72 87
72 92
9 51
30 31
30 67
30 70
30 73
30 74
30 75
30 76
30 79
30 80
30 82
30 83
30 84
30 86
30 93
30 99
31 73
31 74
31 75
31 76
31 82
31 78
31 91
67 64
67 65
70 75
70 64
70 90
70 71
73 74
73 75
73 82
73 83
73 84
73 86
73 93
73 99
73 95
73 89
73 96
73 97
73 71
73 92
73 94
73 98
74 75
74 79
74 82
74 84
74 99
74 78
74 91
74 88
74 71
74 87
74 98
75 76
75 79
75 82
75 83
75 84
75 78
75 91
75 71
75 92
76 82
76 83
76 84
76 86
76 71
79 84
79 91
79 71
80 71
82 84
82 71
83 84
83 71
83 87
84 86
84 99
84 60
84 62
84 88
84 89
84 96
84 97
84 81
84 87
84 94
86 93
86 60
86 61
86 89
86 97
86 81
93 99
93 102
93 94
99 59
99 60
99 62
99 63
99 90
78 71
91 90
91 98
102 95
102 94
51 64
51 65
51 69
64 65
64 69
64 68
65 69
65 68
65 85
59 60
59 62
59 63
60 62
60 63
62 63
95 94
88 89
96 97
96 94
97 81
87 98
3:
0 1
0 2
0 3
0 4
0 5
0 6
1 3
1 5
1 6
2 4
2 5
2 7
3 5
4 5
4 6
4 29
5 6
5 7
6 29
6 7
