# The contained cliques in the communities at k=3
# from /Users/paupericay/Dropbox/MIIACS/Projecte/Programes/Comparador/cfinder/polbooks.dat
# at no lower link weight threshold,
# and at no upper link weight threshold.
# Links were treated as undirected.
# No time limit was set for the clique search.

0: 0 
1: 1 11 29 30 31 178 12 104 143 169 37 56 99 100 101 105 119 144 16 32 38 41 80 122 123 145 151 153 154 158 173 15 36 39 81 121 156 157 174 179 14 35 74 76 85 152 3 106 146 150 168 4 46 75 77 107 147 155 45 47 48 78 79 149 50 83 148 49 159 42 86 125 43 102 120 44 55 40 84 124 126 82 2 18 17 103 
2: 5 19 60 61 62 63 93 175 180 20 21 87 111 115 116 172 176 177 88 89 112 24 57 51 59 52 58 127 128 108 109 54 110 114 118 130 136 138 139 141 142 162 163 164 165 166 167 53 133 134 135 160 161 6 66 113 140 67 68 71 72 69 70 94 137 170 171 132 131 33 92 25 28 34 90 97 95 96 27 117 23 22 91 26 64 65 129 
3: 7 8 9 73 98 10 13 
