# The links from /Users/paupericay/Dropbox/MIIACS/Projecte/Programes/Comparador/cfinder/Pres.dat
# at no lower link weight threshold,
# and at no upper link weight threshold.
# Links were treated as undirected.
# No time limit was set for the clique search.
# (mutual links and self-links were removed)

0 996
1 1402
10 1667
10 1822
100 101
1000 1003
1000 1004
1000 1659
1002 1812
1003 1654
1004 1662
1005 1014
1005 1061
1006 1007
1007 1237
1008 1418
1008 1671
1009 1461
101 105
1010 1099
1010 1406
1011 1018
1012 1386
1013 1465
1015 1387
1016 1387
1018 1020
1019 1131
102 991
1020 2207
1021 1023
1021 1083
1021 1404
1022 1402
1024 1404
1026 1235
1027 1188
1028 1029
1029 1129
103 1857
103 1970
1030 1108
1030 2037
1031 1289
1031 1606
1031 2037
1031 2041
1032 1188
1033 1361
1033 2208
1034 1487
1034 1916
1035 1577
1035 1592
1037 1756
1039 2067
104 1535
104 1688
1040 1215
1040 1251
1041 1402
1042 1401
1043 1122
1045 1472
1048 2107
1049 1472
105 109
1051 2018
1052 1053
1056 1832
1058 2002
1059 1094
1059 1774
106 1234
106 1991
1060 1231
1061 1092
1062 1142
1062 1291
1063 1893
1064 1066
1064 1806
1066 1067
1068 1116
107 1718
107 717
1074 1830
1074 1892
1076 1895
1077 1082
1078 1082
1078 1895
1079 2046
108 1299
108 2208
1083 1252
1084 1433
1084 1710
1086 1087
1088 1544
1089 1192
109 1901
109 1910
1092 1093
1093 1444
1093 1791
1093 1820
1094 1365
1095 2206
1096 1097
1096 1358
1098 1901
1099 1562
11 132
11 1796
11 804
110 1871
110 381
1100 1573
1100 1908
1101 1570
1101 1574
1102 1644
1103 1314
1103 1902
1104 1819
1105 1510
1106 1302
1106 1646
1107 1114
1107 1876
1108 2028
1109 1734
1109 2028
111 376
111 518
111 875
1110 1873
1111 1236
1111 1731
1112 1487
1112 1595
1113 1594
1113 1595
1114 2046
1115 1284
1115 1327
1115 1427
1115 1660
1117 1190
1117 1509
1117 1522
1117 2206
1119 1465
112 1733
112 376
1121 1122
1122 1237
1123 2155
1124 1691
1124 1814
1125 1689
1125 1693
1126 1139
1126 1193
1127 2071
1129 1500
113 1040
113 469
1130 2099
1131 1133
1132 1409
1132 1410
1133 1265
1134 1204
1138 1858
1139 1258
114 115
114 1765
114 882
1140 1687
1141 1142
1142 1498
1143 1648
1144 1147
1145 1648
1145 1750
1146 1969
1148 1223
115 2030
115 695
1150 1896
1150 1946
1152 1366
1152 1379
1157 1271
1159 2045
116 118
116 119
116 1705
116 329
116 897
116 998
1160 1214
1161 1166
1161 1169
1161 1623
1162 1698
1164 1175
1165 1166
1165 1170
1165 2186
1166 1611
1167 1698
1168 1169
1168 1647
117 266
117 338
1170 1612
1171 1359
1172 2054
1173 1825
1174 1178
1175 1178
1175 1182
1175 1357
1175 1698
1175 2055
1175 2057
1175 2058
1175 2059
1175 2060
1176 1182
1176 1991
1177 1261
1177 1262
1178 2054
1179 1468
1182 1185
1184 2062
1186 1690
1187 1188
1188 1259
1188 1828
1188 1831
1189 1652
1195 1199
1195 1650
1196 1490
1196 2136
1196 2139
1197 1199
1198 1390
1198 1512
1198 1529
12 1073
12 1123
120 1447
120 908
120 911
1200 1202
1200 1203
1201 1202
1201 1516
1203 1502
1203 1849
1204 1359
1204 1360
1205 1353
1205 1748
1206 1208
1206 1750
1206 2071
1207 1237
1208 1235
1209 1226
121 1006
121 302
121 331
1210 1221
1210 1236
1210 1649
1211 1212
1211 1216
1213 1851
1214 1330
1215 1219
1216 1754
1217 1239
1217 1476
1218 1668
1218 1719
122 598
1221 1233
1222 1717
1223 1241
1224 1231
1225 2172
1227 1529
1228 1288
1228 1655
1228 1845
1228 2009
1228 2010
1228 2011
1229 1287
123 2062
1230 1299
1231 1770
1231 1855
1232 1511
1232 1907
1232 2144
1233 1270
1233 1746
1237 1765
1238 1948
1239 1241
124 1345
124 1750
124 1864
1242 1562
1242 1924
1243 1924
1243 1948
1244 1573
1244 1609
1245 1588
1245 1907
1246 1600
1247 1581
1248 1251
125 1183
125 1930
1250 1252
1253 1537
1254 1812
1257 1648
126 1706
126 265
1260 1405
1260 1699
1262 1805
1263 1264
1263 1390
1263 1422
1264 1384
1265 1268
1265 1304
1266 1268
1267 1347
1268 1528
1269 1526
1269 1541
127 527
127 817
1270 1528
1271 1300
1274 1572
1277 1278
1278 2066
1279 1281
1279 1830
128 937
128 946
1280 1282
1286 1986
1286 2031
1289 1293
1289 1906
129 1070
129 1085
129 1123
1290 1572
1291 1725
1293 1646
1294 1871
1295 1872
1296 1658
1296 1673
1297 1298
1297 1739
1298 2030
13 1614
13 1904
130 1579
130 511
1303 1397
1304 1651
1305 1310
1305 1882
1305 2180
1306 1321
1307 1308
1307 1635
1307 1882
1308 1309
1309 1311
131 132
1310 1311
1311 1313
1312 1320
1312 1323
1313 1315
1314 1315
1316 1322
1317 1356
1317 1744
1318 1863
1320 1828
1321 1430
1322 1792
1323 1328
1323 1831
1324 1332
1325 2204
1326 1426
1326 1589
1327 1328
1327 1425
1329 1330
133 134
133 883
1330 1699
1331 1461
1333 2045
1334 1793
1335 1479
1337 1437
1338 1462
1339 1461
134 135
134 683
1340 1460
1342 1459
1343 1344
1343 1809
1346 1347
1346 1900
1346 1916
1347 1349
1348 1349
1349 1351
135 136
1350 1351
1351 1352
1352 1353
1354 1355
1355 2004
1355 2007
1355 2008
1358 1363
136 137
1360 1361
1362 1755
1362 2173
1362 2177
1362 2178
1362 2179
1362 2195
1363 1483
1364 1596
1364 1986
1366 1367
1367 1368
1368 1416
1369 1415
137 2091
1370 1378
1370 1714
1371 1378
1371 1735
1372 1735
1373 1374
1373 1711
1374 1380
1374 1411
1375 1376
1375 1653
1376 1377
1377 1416
1378 1409
1379 1850
138 139
138 2091
1380 1385
1381 1383
1381 1392
1382 1383
1382 1752
1384 1392
1385 1838
1386 1387
1386 1388
1387 1389
1388 1389
139 140
1390 1421
1392 1529
1393 1394
1394 1396
1395 1396
1397 1400
1398 1525
1398 1956
1399 1412
1399 1414
14 1618
140 1579
1400 1414
1401 1402
1402 1403
1402 1848
1404 1848
1405 1420
1406 1407
1407 1420
1407 2144
1408 1416
141 142
141 1898
1410 1559
1412 1482
1415 1416
1417 1702
1417 1703
1418 1960
1418 1961
142 724
1420 1422
1421 1422
1421 1513
1423 1708
1424 1428
1426 1828
1427 1431
1428 1446
143 1332
143 680
1430 1432
1431 1446
1432 2042
1433 1683
1433 1722
1434 1435
1434 1436
1436 1690
1437 1531
1437 1532
1437 1533
1437 1542
1437 1543
1437 1550
1437 1555
1438 1511
144 145
144 958
1443 1815
1445 1816
1445 1818
1447 1705
1448 1512
1448 1517
1449 1673
145 146
1455 1456
1455 1457
1456 1458
1456 1459
1456 1460
1456 1461
1456 1462
1456 1463
1459 1469
1459 1471
1459 1477
146 147
1460 1808
1460 2168
1464 1467
1466 1789
147 924
1470 1501
1470 2082
1470 2083
1470 2084
1472 1474
1473 1616
1473 1624
1474 1475
1474 1489
1474 1530
1476 1479
1479 1481
1479 1485
148 151
148 924
1480 1499
1480 1500
1482 1668
1485 2135
1486 1497
1486 1498
1488 1501
149 152
149 367
1495 1782
15 1429
15 1625
15 1673
150 1053
150 2105
1502 1535
1503 1743
1503 2163
1504 1507
1505 1507
1505 1651
1506 1509
1506 1514
1507 1516
1508 1514
1508 1790
1509 1510
151 824
1510 1836
1510 1908
1512 1515
1513 1587
1517 1518
1517 1534
152 153
1520 1938
1520 1956
1521 1937
1522 1938
1523 1524
1523 1936
1524 1607
1525 1539
1525 1578
1526 1811
1527 1938
153 154
1537 1541
1538 1541
1538 1645
154 155
1545 1552
1546 1549
1546 1554
1547 1548
1547 1820
1549 1551
155 1903
1551 1553
1552 1565
1556 1941
1556 1942
1558 1559
1559 2203
156 160
156 1726
1560 1569
1560 1570
1560 1572
1561 1581
1561 1890
1563 1820
1564 2148
1565 1566
1566 2070
1569 1578
1569 1579
157 453
157 460
1570 1573
1575 1891
1576 1677
1576 1691
1578 1580
158 459
158 460
1581 1600
1581 1943
1582 1584
1582 1600
1582 1944
1584 1759
1585 1586
1585 1944
1586 1893
1587 1891
1588 1945
159 1181
159 160
1591 1592
1592 1695
1593 1605
1598 1679
16 1791
1601 1602
1601 1700
1605 2002
1608 1799
1608 2042
1609 1945
161 619
161 620
161 622
1611 1629
1611 2192
1612 1616
1612 1617
1613 2186
1614 1619
1615 1667
1617 1618
1618 1672
162 657
1620 2030
1620 2165
1621 1667
1623 1657
1624 1664
1629 1663
163 657
1630 1791
1636 1637
1638 1795
164 657
1642 1672
1643 1721
1645 1649
1649 1650
165 657
1653 1809
1653 1810
1654 1655
1658 1661
1658 1791
1659 1670
166 657
1662 1794
1665 1815
167 657
1670 1794
1671 1904
1674 1794
1675 1686
1676 1677
1676 1684
1678 1807
168 657
1680 1682
1680 1738
1683 1710
1683 1742
1684 1686
1686 1940
1687 1692
1687 1813
1688 1879
1689 1691
169 172
169 603
1694 2067
1696 1709
1699 1700
17 2150
170 657
1701 1830
1704 1712
1704 1713
1706 1721
1707 1753
1708 1712
1708 1753
171 1435
171 1856
1710 1720
1711 1735
1712 1753
1714 1720
1716 1717
1716 1722
1718 1719
172 1793
172 1852
1720 1742
1723 1724
1723 1743
1724 1726
1725 1729
1726 1903
1727 1729
1728 1729
1728 1837
1728 1902
173 496
1730 1862
1731 1736
1732 1819
1734 1905
1734 1915
1736 1737
1738 1899
1739 1833
174 906
1744 1745
1746 1838
1748 1749
175 1786
1752 1764
1754 1761
1755 1825
1755 2182
1755 2183
1755 2184
1757 1760
1757 1866
1758 1759
176 1456
1760 1834
1763 1764
1765 2155
1767 1821
1775 1779
1776 1779
1776 1784
1778 1824
178 1179
1780 1781
1781 2079
1783 1911
1784 1873
1786 2174
1787 1788
1787 1923
1789 1901
1789 1922
179 2063
1793 2036
1793 2038
1793 2039
1793 2040
1793 2043
1793 2044
18 398
18 790
180 1793
1802 1918
1803 1804
1803 1851
181 2063
1814 1888
1816 1817
1818 1866
1818 1867
182 1179
1820 2149
1822 2148
1823 1909
1825 2181
1826 1827
1826 1910
1829 1833
183 1461
1832 2206
1834 1835
1837 1900
1839 2018
184 1461
1840 1961
1841 1962
1843 2018
1844 2000
1846 2014
1847 2009
185 1786
1850 1879
1853 1855
1853 1990
1856 1859
1858 1859
186 1461
1860 1861
1860 1906
1862 1863
1863 1864
1865 2061
1867 1881
1868 2063
1869 1903
1869 1942
187 1462
1870 2108
1872 2031
1873 1986
1874 1986
1875 1877
1876 1877
1878 2108
188 1463
1880 1881
1883 2108
1885 1909
1886 2144
1887 2144
1889 2107
189 1386
1890 1892
1894 1910
1896 1897
19 1643
19 673
190 475
191 1461
1910 1913
1911 2157
1912 1914
1912 1989
1918 2067
192 1462
1922 1923
193 1786
1936 1937
194 1462
195 1463
196 1463
1960 1962
1960 1963
1960 2176
1962 1964
1962 1965
1962 1966
1962 1967
197 1386
198 1465
1985 2205
199 1387
2 1139
2 473
2 480
20 1657
200 474
2004 2005
2004 2006
2009 2012
201 1961
2013 2014
2013 2015
2017 2018
2018 2019
2018 2020
2018 2021
2018 2022
2018 2023
2018 2024
2018 2025
2018 2026
2018 2185
202 1960
203 1470
204 396
2045 2047
2045 2048
2045 2049
2045 2050
2045 2051
2045 2052
2045 2053
205 1440
205 1441
205 1442
205 1450
205 1451
205 1452
205 1453
205 1454
205 857
205 906
2056 2062
206 2133
2061 2063
2061 2064
2061 2065
2061 2068
2063 2069
2063 2073
2063 2161
207 2047
2072 2186
208 789
2085 2086
209 212
209 222
209 228
2092 2181
21 1086
21 1424
210 2172
2104 2144
2105 2106
2107 2108
2108 2109
2108 2110
2108 2111
2108 2112
2108 2113
211 2181
212 1668
212 353
2121 2128
2122 2123
213 2152
2133 2134
2134 2135
214 1362
215 221
215 233
2153 2154
2153 2156
2153 2158
2154 2159
2154 2160
2154 2164
2154 2169
2154 2170
216 1917
216 923
217 2188
2171 2172
218 407
2181 2190
2187 2188
2187 2189
2187 2191
2188 2193
2188 2194
2188 2196
2188 2197
2188 2198
219 1402
22 1425
22 1641
220 1594
220 630
221 2003
222 1492
223 1848
224 939
225 1402
226 1917
226 588
227 570
227 630
228 1493
229 650
23 1641
23 749
230 305
231 937
232 1063
232 1141
233 1567
233 2203
234 1231
235 624
236 409
237 581
237 682
238 1698
239 1056
239 1057
239 240
24 26
24 403
240 1799
241 2153
242 937
243 1057
243 1316
244 1055
244 1106
245 1755
246 614
247 629
248 629
249 1470
25 1793
25 656
250 1619
250 1674
250 949
251 1055
251 1057
251 1312
252 1058
252 1128
253 1231
254 1196
255 751
256 1402
257 258
257 266
258 263
259 1209
259 652
26 1640
260 1219
260 1719
260 268
261 704
262 497
263 264
264 2001
264 971
265 346
267 338
267 390
268 1292
269 377
269 493
269 851
27 1438
27 1682
270 1820
271 1222
271 286
271 377
272 1233
272 276
273 276
273 278
274 1285
274 1786
275 1110
275 1779
275 306
277 290
277 386
277 850
278 279
279 1145
279 280
279 520
28 1640
28 31
280 1648
280 1750
281 1345
281 1750
281 1864
282 289
282 707
282 840
283 1169
283 1740
283 1741
284 1614
284 285
285 1027
285 1032
286 1496
286 919
287 1874
287 1875
288 1545
288 1986
289 1919
29 2086
29 538
290 379
291 444
292 1391
292 294
293 1047
293 2098
293 2100
293 2101
293 2102
293 2103
293 2144
293 371
293 425
293 426
294 1389
294 600
295 1835
295 297
296 1854
296 656
297 298
298 1037
299 1557
299 1568
299 1571
299 1583
299 1590
299 1599
299 1603
299 1604
299 371
299 541
3 1160
3 1227
3 892
30 37
30 71
300 1763
300 302
301 1411
301 1763
302 1610
303 591
303 592
303 754
304 1007
304 1639
304 1882
304 884
305 341
306 723
307 1191
307 913
308 1217
308 400
309 1149
309 1213
31 1553
310 1799
310 472
311 1212
311 313
312 1397
312 313
313 649
314 341
314 598
315 1301
315 1761
316 1036
317 592
317 975
318 333
319 1864
32 1693
32 1940
320 911
321 708
321 836
321 920
322 669
323 760
324 1485
324 1799
325 864
326 1694
326 1807
327 2067
327 716
328 1262
328 335
33 1056
33 1879
330 2144
331 895
331 896
332 1766
332 911
333 909
333 998
334 1811
334 1821
335 1240
335 600
336 1777
336 727
337 1503
338 1591
339 446
339 923
34 1813
34 1888
34 334
340 345
340 519
340 962
342 1276
342 955
343 1702
343 346
344 1190
344 1257
345 1275
347 1504
347 1505
347 1516
348 1240
348 1345
348 545
349 1472
35 1205
35 1767
350 1231
351 1231
352 1231
353 1476
354 1220
354 355
354 675
355 359
355 360
356 2154
357 1077
357 389
358 1593
358 2003
358 359
358 599
359 1249
36 1256
36 1666
36 57
361 363
361 368
362 1116
362 2205
363 365
364 1925
365 366
367 2106
368 713
369 1723
369 1726
37 952
370 453
370 927
371 1180
371 1196
371 1207
371 1354
371 1386
371 1401
371 1403
371 1437
371 1519
371 2004
371 392
371 462
371 618
371 650
371 661
371 742
371 805
371 874
371 922
371 973
372 2129
372 373
373 385
374 383
374 731
375 1984
377 1180
377 2200
377 973
378 1136
378 1419
379 1391
38 1445
38 40
380 1785
380 419
381 419
382 1785
382 420
383 1136
384 606
384 640
385 731
386 1881
387 437
388 1817
388 638
388 769
389 1695
39 1267
39 871
39 877
390 944
391 1104
391 1272
392 429
392 793
392 800
392 802
393 1235
393 1756
394 1538
394 646
395 1645
396 1044
396 2087
396 2088
396 2089
396 2090
396 2093
396 2094
396 492
397 1429
398 1478
398 1658
398 934
399 1821
399 401
4 1199
4 1733
40 1234
40 1749
401 1084
401 1683
401 1692
402 2122
402 404
403 428
403 855
404 405
405 1827
406 1848
407 1402
407 434
407 789
408 1862
409 766
41 1324
41 1816
410 1226
410 1669
410 639
411 658
411 766
412 2014
412 2016
412 951
413 1081
413 526
414 1132
414 2013
414 602
414 945
415 1848
416 527
416 817
417 1486
417 590
417 954
418 1196
418 1336
418 1479
418 2130
418 2131
418 2132
418 649
419 989
42 291
42 292
42 688
421 752
422 1065
422 1806
422 476
423 476
423 676
424 1460
427 939
428 1137
43 1149
43 45
430 751
431 629
432 751
433 1656
435 436
436 437
438 2123
439 2157
439 936
44 1140
44 794
44 97
440 1885
440 441
441 757
442 1596
442 443
443 994
444 1238
445 1344
445 1573
445 669
446 579
447 1558
447 1941
448 1219
448 469
448 954
449 451
449 479
45 1301
450 1120
450 1685
451 452
452 1681
454 614
454 675
454 940
455 778
455 964
456 778
456 972
457 2129
457 458
458 966
459 1318
46 1140
46 587
461 1656
462 1319
462 544
464 1852
464 547
465 1100
465 1898
465 466
466 706
466 995
467 1173
467 1362
468 1825
468 974
47 514
47 593
47 756
470 1492
470 1717
471 1493
471 762
472 1218
473 1500
473 479
474 1953
474 1954
474 1957
474 1958
474 1959
474 2175
474 475
474 477
474 891
475 1086
475 1935
475 1939
475 1949
475 1950
475 1951
475 1952
476 691
477 691
477 860
478 480
478 687
478 691
48 100
48 1801
48 626
480 690
481 1025
481 1038
482 1038
482 483
483 597
484 2045
485 2045
486 976
487 2045
488 1155
488 490
489 1068
489 559
49 128
49 1930
49 481
491 1464
491 648
492 1046
492 1888
492 2095
492 2096
492 2097
493 1067
493 840
494 866
494 949
495 1413
495 1705
495 785
496 2149
497 1652
498 874
499 874
5 1515
5 1518
5 1899
50 1894
50 387
500 2150
501 874
502 751
503 1836
503 706
504 1652
505 1652
506 733
507 1619
507 1660
508 1105
508 1790
508 530
51 1023
51 54
510 1098
510 781
511 1504
512 1194
512 1574
513 1854
513 601
515 1067
515 1880
516 536
516 701
517 1472
52 1955
52 53
521 1279
522 614
523 1348
523 533
524 1350
524 533
525 533
526 527
526 528
528 1081
529 1081
529 829
53 1681
530 1898
531 1011
531 1080
532 580
532 827
534 1295
535 1544
535 2085
536 709
537 704
537 711
538 1777
539 1149
539 933
54 747
540 1395
540 933
541 1437
541 1926
541 1927
541 1928
541 1929
541 1931
541 1932
541 1933
541 1934
541 2029
542 1961
543 1755
543 944
544 1786
544 816
544 899
544 903
544 977
545 1345
546 547
547 1272
548 1419
548 864
549 1417
549 1801
55 1090
55 1955
55 322
55 671
550 605
550 616
552 2063
553 1793
554 2063
555 1540
555 1544
555 556
556 1088
557 1540
557 948
558 868
558 992
56 1800
56 996
560 2070
560 880
561 1315
562 693
563 1249
563 1250
563 647
564 2167
566 567
567 1315
568 1467
568 994
569 1730
569 578
57 116
57 1812
570 578
571 1179
572 1179
572 2162
572 677
573 1179
574 589
574 756
575 1459
576 1179
577 1402
578 1577
579 586
58 915
58 917
580 581
582 942
583 942
584 1158
584 1675
585 1747
585 586
587 679
588 1697
589 1356
589 616
59 420
59 421
590 1148
590 2208
592 755
593 841
594 1158
594 1534
595 616
596 1913
596 1914
598 736
599 1071
6 1147
6 1515
60 514
60 595
600 1267
601 1231
602 2014
602 612
603 1231
604 1240
604 747
605 615
606 607
606 608
608 1990
609 1075
609 610
61 1466
61 1984
610 988
611 1535
611 799
612 1306
613 623
613 625
614 2117
614 2118
614 2119
614 618
617 619
617 620
617 622
618 2114
618 2115
618 2116
619 839
62 1466
62 1980
62 1981
620 621
621 792
622 817
623 839
624 625
624 626
626 627
627 628
627 863
628 629
628 751
629 776
63 1980
63 64
631 751
631 856
632 633
632 968
633 1423
633 938
634 1707
634 652
635 1495
635 1905
635 1915
636 1028
636 919
637 653
638 1036
638 710
639 1157
639 641
639 873
64 65
640 1138
640 1857
641 1168
641 1669
641 849
642 1155
643 1269
643 658
644 1235
644 645
644 686
645 658
646 1158
646 930
647 1607
648 654
65 69
650 1017
650 1054
650 1153
650 1154
650 801
650 937
651 1713
651 1715
652 962
653 1491
653 1762
653 1773
653 2140
653 2141
653 654
654 1317
654 1768
654 1769
654 1771
654 1772
654 2142
654 2143
654 2145
654 2146
654 2147
654 2151
655 710
655 929
657 1213
657 1848
657 2137
657 2138
657 933
659 1632
659 926
66 1982
66 67
660 1500
660 861
661 1470
661 2074
661 2075
661 2076
661 2077
661 2078
661 2080
661 2081
662 1679
662 952
663 2099
663 668
664 665
664 666
665 963
666 667
668 925
669 670
669 671
67 68
670 1290
672 1848
673 1678
674 1848
675 953
676 1064
678 1709
678 680
679 1714
681 1574
681 1805
682 684
684 1052
685 1053
685 883
687 929
688 1536
689 1402
690 1685
692 697
693 700
694 1627
694 2166
694 884
695 1632
695 1633
696 1626
696 1631
696 882
697 1636
697 882
698 885
699 700
7 1527
7 446
70 1554
70 1780
70 74
700 1069
700 885
701 1703
702 703
703 1548
705 1064
705 1065
706 1102
707 1747
708 1849
708 1850
709 712
71 74
711 1920
712 983
713 927
714 1920
714 859
715 1758
715 1835
717 865
718 1097
718 1774
719 851
719 867
72 75
720 722
720 745
720 970
721 1910
721 752
722 1819
723 1877
723 728
724 740
725 1930
725 1955
725 737
726 1284
726 750
727 2079
728 1986
728 729
729 730
73 1273
73 806
730 1229
732 1796
732 733
732 804
732 997
733 1189
733 1795
734 741
735 1192
736 1155
736 1494
736 2056
737 1192
737 741
738 1302
738 845
739 1187
739 1193
74 534
74 75
740 1189
740 1369
742 1050
742 1163
742 1793
742 2027
742 2032
742 2033
742 2034
742 2035
743 1369
743 869
744 1792
744 1794
745 1790
746 1820
748 1105
748 1194
749 753
75 1294
75 1985
75 1986
750 950
751 787
751 805
752 936
753 1285
754 1325
755 2204
757 936
758 1038
758 760
759 1848
76 1294
76 380
760 935
761 1848
762 1220
763 1848
764 1202
764 1516
765 1185
765 1329
765 1697
767 1260
767 1946
768 1575
768 1589
768 967
769 1171
769 770
77 1987
77 372
770 1063
770 1230
770 928
771 1258
771 1511
772 1174
772 773
773 1134
774 779
775 2150
777 1921
777 780
779 1987
779 780
78 607
78 79
780 782
781 782
783 1146
783 1788
783 910
784 1918
788 874
789 1947
79 83
791 794
792 881
795 1105
795 1644
796 1272
796 797
797 1732
798 1925
798 990
799 1241
8 1520
8 1970
80 1324
80 1355
803 1634
803 2167
803 884
804 1856
806 1981
807 818
807 881
808 809
808 969
809 811
81 86
81 928
810 1152
810 819
810 823
811 812
812 813
812 819
813 1303
814 1151
814 968
814 970
815 1151
815 1842
815 1968
815 1971
815 1972
815 1973
815 1974
815 1975
815 1976
815 1977
815 1978
815 1979
815 1983
815 1992
815 1993
815 1994
815 1995
815 1996
815 1997
815 1998
815 1999
815 816
817 1715
818 969
82 1024
82 975
820 2207
820 821
821 1072
822 1052
822 1072
823 1035
823 1151
823 2000
824 1712
825 1715
825 827
826 1246
826 829
828 1701
828 876
828 959
829 1019
83 1261
830 946
830 955
830 956
831 1824
831 1825
831 835
832 1365
832 1861
833 1118
833 1658
833 838
834 1190
834 1257
835 1076
835 1778
836 1919
837 1657
838 1255
839 881
84 1433
84 1810
84 88
841 2066
841 960
842 1393
842 2029
843 1455
844 1456
845 1829
846 1457
847 1455
848 1402
849 1656
85 1496
85 95
850 1065
850 1696
852 937
853 1597
853 1598
854 939
855 1597
858 1455
859 864
86 360
860 1518
861 1536
862 1488
862 1790
865 867
866 1831
866 999
868 878
869 1177
87 774
870 1727
870 871
871 872
872 1300
873 1226
873 1669
874 1170
875 1737
875 876
876 892
877 1120
877 1897
878 1873
879 880
88 1208
88 399
885 2155
886 1461
887 1461
888 1368
888 890
889 1461
89 1318
89 2001
890 893
892 1280
893 1080
894 1917
894 900
895 1628
898 2009
9 1539
9 1556
90 702
90 93
900 1001
900 1115
901 1961
902 996
904 1461
905 2013
906 1439
907 1786
908 1797
908 1798
91 702
912 1804
912 2201
912 913
914 1386
915 1191
916 1197
916 1382
917 1434
918 1001
918 1259
918 999
92 1266
92 591
920 1497
921 1488
921 1499
921 1502
922 1186
924 925
93 1988
930 1253
930 1751
931 1848
932 1848
936 1075
937 1127
937 1484
938 1602
939 1848
94 1283
94 1296
94 984
940 1195
940 1751
941 945
941 954
942 2071
942 978
943 1981
943 1982
945 951
946 2056
947 1777
947 948
949 1326
95 1316
950 1014
951 1128
951 1131
953 1071
953 1586
956 957
957 976
958 1130
958 964
959 1127
959 960
96 1288
96 2009
96 991
960 1135
961 1135
961 1503
961 1505
962 1135
963 972
965 2045
966 1181
967 1001
967 968
969 987
970 995
971 1895
974 1076
977 1082
978 1127
978 1206
979 1231
98 2046
98 463
98 99
980 1292
980 1580
981 1231
982 1059
982 983
985 1059
986 987
986 992
988 1801
989 1785
99 1782
99 628
99 859
990 1989
991 1745
992 1775
993 1595
993 1751
995 1101
996 1447
997 1006
997 1822
998 1815
999 1144
