# The links from /Users/paupericay/Dropbox/MIIACS/Projecte/Programes/Comparador/cfinder/Cogentco.dat
# at no lower link weight threshold,
# and at no upper link weight threshold.
# Links were treated as undirected.
# No time limit was set for the clique search.
# (mutual links and self-links were removed)

0 176
0 9
1 114
1 116
1 175
1 176
1 8
10 11
10 13
100 132
101 102
101 104
101 180
102 109
103 104
103 106
105 106
105 107
105 179
107 108
107 129
108 179
109 110
11 16
110 128
111 112
111 140
112 137
113 114
113 191
115 116
115 118
117 118
117 120
119 175
119 176
12 13
12 30
12 32
120 175
121 122
121 124
123 124
123 125
123 126
127 128
127 130
129 130
13 15
13 16
131 142
132 135
133 173
134 135
134 137
134 138
136 139
137 172
138 141
138 174
139 174
14 129
14 15
14 64
140 141
142 143
143 185
144 149
145 157
146 152
146 154
147 166
147 177
148 154
149 150
151 152
152 153
153 154
153 160
154 159
154 183
155 156
155 165
155 195
156 157
157 158
158 165
158 183
158 196
16 17
161 162
162 163
162 167
163 164
163 187
165 177
165 181
165 184
165 186
166 170
166 183
167 168
168 169
169 185
178 179
18 19
18 30
181 196
182 189
183 184
183 186
186 187
19 68
19 82
19 89
190 191
192 193
193 194
195 196
2 76
2 77
20 21
20 23
21 26
22 188
22 23
24 27
25 171
25 55
26 27
26 28
26 29
28 51
28 54
29 78
3 4
3 77
30 35
31 37
32 33
32 37
34 37
35 37
36 38
36 39
37 160
37 38
38 196
39 181
4 135
4 6
40 41
40 42
41 189
41 43
42 143
42 43
44 45
44 47
45 164
45 48
46 47
46 49
48 155
48 181
49 147
49 165
49 177
5 131
5 6
50 51
50 57
51 188
52 53
52 55
53 58
54 55
56 57
56 59
58 59
6 7
60 61
60 69
61 122
61 128
62 144
62 63
62 86
63 149
63 68
64 65
64 67
64 68
65 66
66 67
67 69
69 144
7 174
7 8
70 183
70 79
71 72
71 79
72 73
73 74
74 183
75 173
75 183
76 173
77 133
77 152
77 162
78 79
78 94
8 191
8 194
8 9
80 81
80 86
80 87
82 150
82 83
82 88
83 148
84 148
84 85
86 87
87 88
89 150
90 172
91 92
91 99
92 183
92 93
92 96
94 171
95 171
95 96
96 97
97 172
98 131
98 194
99 100
