# The links inside the communities at k=7
# from /Users/paupericay/Dropbox/MIIACS/Projecte/Programes/Comparador/cfinder/football.dat
# at no lower link weight threshold,
# and at no upper link weight threshold.
# Links were treated as undirected.
# No time limit was set for the clique search.

0:
1 33
1 103
1 105
1 109
1 25
1 37
1 45
1 89
33 103
33 105
33 109
33 25
33 37
33 45
33 89
103 105
103 109
103 25
103 37
103 45
103 89
105 109
105 25
105 37
105 45
105 89
109 25
109 37
109 45
109 89
25 37
25 45
25 89
37 45
37 89
45 89
1:
0 104
0 16
0 23
0 4
0 41
0 9
0 93
104 16
104 23
104 4
104 41
104 9
104 93
16 23
16 4
16 41
16 9
16 93
23 4
23 41
23 9
23 93
4 41
4 9
4 93
41 9
41 93
9 93
2:
35 101
35 19
35 29
35 30
35 55
35 79
35 94
101 19
101 29
101 30
101 55
101 79
101 94
19 29
19 30
19 55
19 79
19 94
29 30
29 55
29 79
29 94
30 55
30 79
30 94
55 79
55 94
79 94
3:
18 34
18 54
18 71
18 99
18 31
18 61
34 54
34 71
34 99
34 31
34 61
54 71
54 99
54 31
54 61
71 99
71 31
71 61
99 31
99 61
31 61
4:
114 110
114 67
114 46
114 53
114 49
114 73
114 83
114 88
110 67
110 46
110 53
110 49
110 73
110 83
110 88
67 46
67 53
67 49
67 73
67 83
67 88
46 53
46 49
46 73
46 83
46 88
53 49
53 73
53 83
53 88
49 73
49 83
49 88
73 83
73 88
83 88
