# The links inside the communities at k=3
# from /Users/paupericay/Dropbox/MIIACS/Projecte/Programes/Comparador/cfinder/dolphins.dat
# at no lower link weight threshold,
# and at no upper link weight threshold.
# Links were treated as undirected.
# No time limit was set for the clique search.

0:
1 17
1 26
1 27
17 27
17 25
26 27
26 25
27 25
1:
1 19
1 41
1 54
17 13
17 57
17 9
17 6
19 54
19 30
19 7
41 54
41 13
41 57
41 9
54 13
54 57
54 6
54 7
13 32
13 57
13 5
13 9
13 6
32 9
57 5
57 9
57 6
30 7
5 9
9 6
2:
0 14
0 15
0 40
14 40
14 33
14 16
14 34
14 37
14 38
14 43
14 50
14 52
15 40
15 24
15 18
15 45
15 59
40 36
40 33
40 37
40 52
36 37
29 51
29 24
29 18
29 45
29 21
51 24
51 50
51 18
51 45
51 21
51 23
33 16
33 34
33 37
33 38
33 43
33 50
33 21
16 37
16 38
16 50
16 20
24 18
24 45
34 37
37 43
37 45
37 21
37 8
38 43
38 52
38 20
38 44
50 45
50 20
18 45
18 21
45 59
45 21
45 23
45 8
59 3
59 8
20 44
3 8
3:
0 10
0 42
0 47
10 42
10 47
10 2
42 47
42 30
42 2
47 28
47 20
47 30
28 20
28 30
28 8
20 8
