# The links inside the communities at k=3
# from /Users/paupericay/Dropbox/MIIACS/Projecte/Programes/Comparador/cfinder/adjnoun.dat
# at no lower link weight threshold,
# and at no upper link weight threshold.
# Links were treated as undirected.
# No time limit was set for the clique search.

0:
0 1
0 2
0 3
1 2
1 102
1 14
1 17
1 18
1 28
1 41
1 45
1 51
1 9
2 3
2 102
2 14
2 17
2 41
2 45
2 51
2 9
2 11
2 50
2 104
2 105
2 98
2 25
2 36
2 21
2 22
2 24
2 26
2 27
2 31
2 34
2 54
2 66
2 83
2 93
2 23
2 42
2 73
3 18
3 41
3 51
3 9
3 43
102 17
102 12
102 50
102 13
102 44
102 66
102 70
102 53
14 17
14 105
14 13
14 16
14 25
14 36
14 37
14 59
14 68
14 71
17 28
17 51
17 9
17 12
17 50
17 103
17 104
17 98
17 43
17 87
17 88
17 13
17 15
17 25
17 36
17 37
17 32
17 38
17 21
17 22
17 24
17 26
17 27
17 31
17 34
17 35
17 44
17 52
17 54
17 65
17 66
17 67
17 70
17 72
17 77
17 80
17 83
17 84
17 86
17 89
17 93
17 5
17 7
18 51
18 12
18 50
18 43
18 21
18 34
18 44
18 54
18 53
28 32
28 21
28 31
28 34
28 35
28 44
28 89
28 30
28 92
41 43
41 25
41 31
41 42
45 22
45 73
46 104
46 25
51 50
51 25
51 59
51 68
51 32
51 38
51 21
51 26
51 31
51 34
51 35
51 54
51 66
51 67
51 23
51 42
51 49
51 30
51 6
51 106
51 7
9 12
9 25
9 59
9 24
9 26
9 89
9 42
10 12
10 50
11 104
11 98
12 50
12 104
12 43
12 87
12 88
50 104
50 48
50 21
50 44
50 52
50 54
50 53
50 78
103 104
103 37
103 24
103 27
103 31
103 65
104 105
104 15
104 25
104 59
104 38
104 48
104 24
104 26
104 31
104 35
104 84
104 33
105 23
63 43
63 27
98 43
98 81
43 15
43 36
43 59
43 48
43 21
43 24
43 26
43 27
43 31
43 44
43 66
43 70
43 80
43 83
43 23
43 39
43 5
43 81
87 36
87 24
87 27
87 65
87 67
87 70
87 83
87 7
88 15
88 25
88 48
13 15
13 16
15 32
15 38
15 48
15 75
15 76
15 7
16 68
25 59
25 48
25 77
25 30
36 24
37 59
37 38
37 72
37 7
59 71
59 70
59 72
59 23
59 49
68 75
68 24
68 26
68 27
68 54
68 70
68 49
32 31
32 52
32 70
32 5
32 6
38 7
48 76
48 21
48 35
75 76
75 24
75 54
75 70
75 7
76 24
76 27
76 80
76 106
21 7
24 47
24 49
26 80
27 52
27 54
27 80
27 5
31 86
34 54
52 6
54 70
54 72
54 53
54 78
65 84
66 72
70 7
72 80
80 81
80 106
84 33
89 92
47 49
30 92
39 5
5 6
6 7
106 7
