Nom de la xarxa :karate 

IGRAPH U--- 34 77 --
+ attr: id (v)
+ vertex attributes:
+ edges:
 0 --  1  2  3  4  5  6  7  8 10 11 12 13 17 19 21 31
 1 --  0  2  3  7 13 17 19 21 30
 2 --  0  1  3  7  8  9 13 27 28 32
 3 --  0  1  2  7 12 13
 4 --  0  6 10
 5 --  0  6 10 16
 6 --  0  4  5 16
 7 --  0  1  2  3
 8 --  0  2 32 33
 9 --  2 33
10 --  0  4  5
11 --  0
12 --  0  3
13 --  0  1  2  3 33
14 -- 32 33
15 -- 32 33
16 --  5  6
17 --  0  1
18 -- 32 33
19 --  0  1 33
20 -- 32 33
21 --  0  1
22 -- 32 33
23 -- 25 27 29 32 33
24 -- 25 27 31
25 -- 23 24 31
26 -- 29 33
27 --  2 23 24 33
28 --  2 31 33
29 -- 23 26 32 33
30 --  1 32 33
31 --  0 24 25 28 32 33
32 --  2  8 14 15 18 20 22 23 29 30 31 33
33 --  8  9 13 14 15 18 19 20 22 23 26 27 28 29 30 31 32

Parametres calculats

Betweenness Centralization
0.406664169164

Average path length
2.40998217469

Assortativity degree
-0.492054022703

Diameter
5

Density
0.139037433155

Cohesion
1

Radius
3

Betweenness
[231.66813186813187, 31.910622710622704, 73.9157509157509, 6.2521978021978, 0.3333333333333333, 15.833333333333334, 15.833333333333332, 0.0, 32.648809523809526, 0.44761904761904764, 0.3333333333333333, 0.0, 0.0, 23.07142857142857, 0.0, 0.0, 0.0, 0.0, 0.0, 16.07545787545787, 0.0, 0.0, 0.0, 9.328571428571427, 1.1666666666666665, 1.9352564102564103, 0.0, 11.618131868131865, 0.9476190476190476, 1.5428571428571427, 7.039010989010989, 70.28287545787548, 83.6349816849817, 155.1806776556776]

Pagerank
[0.0970620279018498, 0.053249844830940855, 0.05703630185669261, 0.035916862612699295, 0.021985473194793423, 0.029120333418512185, 0.029120333418512185, 0.024533644811263806, 0.02951114500748629, 0.014308955242515386, 0.021985473194793437, 0.009568184938168122, 0.014656407141633864, 0.02958274969007796, 0.01448375435103908, 0.014483754351039076, 0.016787906408750053, 0.014597336949979204, 0.014483754351039076, 0.019646441828793392, 0.014483754351039076, 0.014597336949979204, 0.014483754351039076, 0.03144265949210889, 0.02105412415443565, 0.02097705869366157, 0.01503212197424364, 0.02561954253326401, 0.01956366193954599, 0.02621765830375115, 0.01951290636285015, 0.03709204727315709, 0.07682059054406247, 0.10098209757628328]

EigenVectorCentrality
[0.9099404782550647, 0.6622483585864435, 0.8341060004083954, 0.5331944507506206, 0.1911211276360993, 0.19974490836186995, 0.1997449083618699, 0.43188475860262604, 0.6738069509586374, 0.2694762081534305, 0.1911211276360993, 0.1336930960756324, 0.21203274425558216, 0.5788098589476592, 0.2822439237098197, 0.28224392370981977, 0.05869508140895415, 0.23099400261427888, 0.28224392370981977, 0.37791910295931197, 0.28224392370981977, 0.23099400261427896, 0.28224392370981977, 0.411859556927208, 0.15010131815030056, 0.15776410864980125, 0.20163736610117608, 0.35204236611417566, 0.34467415884248637, 0.37238202068713394, 0.37954483024846636, 0.5118114638850959, 0.9210054854276768, 1.0]

Average degree connectivity
{1: 16.0, 2: 12.636363636363637, 3: 8.904761904761905, 4: 8.15, 5: 10.333333333333334, 6: 8.416666666666666, 9: 5.666666666666667, 10: 6.7, 13: 4.615384615384615, 16: 4.3125, 17: 3.823529411764706}

Periphery
['n16', 'n14', 'n15', 'n18', 'n29', 'n23', 'n22', 'n20', 'n26']

Eccentricity
{'n12': 4, 'n13': 3, 'n10': 4, 'n11': 4, 'n16': 5, 'n17': 4, 'n14': 5, 'n15': 5, 'n18': 5, 'n19': 3, 'n30': 4, 'n31': 3, 'n32': 4, 'n33': 4, 'n29': 5, 'n28': 4, 'n23': 5, 'n22': 5, 'n21': 4, 'n20': 5, 'n27': 4, 'n26': 5, 'n25': 4, 'n24': 4, 'n8': 3, 'n9': 4, 'n0': 3, 'n1': 3, 'n2': 3, 'n3': 3, 'n4': 4, 'n5': 4, 'n6': 4, 'n7': 4}

Center
['n13', 'n19', 'n31', 'n8', 'n0', 'n1', 'n2', 'n3']

Degree Distribution
N = 34, mean +- sd: 4.5882 +- 3.9475
[ 1,  2): * (1)
[ 2,  3): *********** (11)
[ 3,  4): ******* (7)
[ 4,  5): ***** (5)
[ 5,  6): *** (3)
[ 6,  7): ** (2)
[ 7,  8):  (0)
[ 8,  9):  (0)
[ 9, 10): * (1)
[10, 11): * (1)
[11, 12):  (0)
[12, 13):  (0)
[13, 14): * (1)
[14, 15):  (0)
[15, 16):  (0)
[16, 17): * (1)
[17, 18): * (1)

Total number of Motif
435

Similarity Jaccard
[[1.0, 0.5, 0.3333333333333333, 0.4117647058823529, 0.23529411764705882, 0.2222222222222222, 0.2222222222222222, 0.29411764705882354, 0.15789473684210525, 0.05263157894736842, 0.23529411764705882, 0.11764705882352941, 0.17647058823529413, 0.2777777777777778, 0.0, 0.0, 0.1111111111111111, 0.17647058823529413, 0.0, 0.16666666666666666, 0.0, 0.17647058823529413, 0.0, 0.0, 0.05, 0.05, 0.0, 0.047619047619047616, 0.10526315789473684, 0.0, 0.05, 0.09090909090909091, 0.1111111111111111, 0.12903225806451613], [0.5, 1.0, 0.4, 0.5454545454545454, 0.07692307692307693, 0.07142857142857142, 0.07142857142857142, 0.5, 0.15384615384615385, 0.08333333333333333, 0.07692307692307693, 0.09090909090909091, 0.18181818181818182, 0.45454545454545453, 0.0, 0.0, 0.0, 0.3, 0.0, 0.2727272727272727, 0.0, 0.3, 0.0, 0.0, 0.0, 0.0, 0.0, 0.07142857142857142, 0.07692307692307693, 0.0, 0.16666666666666666, 0.0625, 0.09523809523809523, 0.12], [0.3333333333333333, 0.4, 1.0, 0.5, 0.07142857142857142, 0.06666666666666667, 0.06666666666666667, 0.45454545454545453, 0.3333333333333333, 0.16666666666666666, 0.07142857142857142, 0.08333333333333333, 0.16666666666666666, 0.4166666666666667, 0.07692307692307693, 0.07692307692307693, 0.0, 0.16666666666666666, 0.07692307692307693, 0.15384615384615385, 0.07692307692307693, 0.16666666666666666, 0.07692307692307693, 0.13333333333333333, 0.07142857142857142, 0.0, 0.0, 0.14285714285714285, 0.15384615384615385, 0.06666666666666667, 0.15384615384615385, 0.2, 0.14285714285714285, 0.2608695652173913], [0.4117647058823529, 0.5454545454545454, 0.5, 1.0, 0.1, 0.09090909090909091, 0.09090909090909091, 0.7142857142857143, 0.2, 0.1111111111111111, 0.1, 0.125, 0.42857142857142855, 0.625, 0.0, 0.0, 0.0, 0.25, 0.0, 0.2222222222222222, 0.0, 0.25, 0.0, 0.0, 0.0, 0.0, 0.0, 0.09090909090909091, 0.1, 0.0, 0.1, 0.07692307692307693, 0.05263157894736842, 0.041666666666666664], [0.23529411764705882, 0.07692307692307693, 0.07142857142857142, 0.1, 1.0, 0.5, 0.5, 0.125, 0.125, 0.0, 0.6, 0.2, 0.16666666666666666, 0.1111111111111111, 0.0, 0.0, 0.16666666666666666, 0.16666666666666666, 0.0, 0.14285714285714285, 0.0, 0.16666666666666666, 0.0, 0.0, 0.0, 0.0, 0.0, 0.0, 0.0, 0.0, 0.0, 0.1, 0.0, 0.0], [0.2222222222222222, 0.07142857142857142, 0.06666666666666667, 0.09090909090909091, 0.5, 1.0, 0.6666666666666666, 0.1111111111111111, 0.1111111111111111, 0.0, 0.5, 0.16666666666666666, 0.14285714285714285, 0.1, 0.0, 0.0, 0.6, 0.14285714285714285, 0.0, 0.125, 0.0, 0.14285714285714285, 0.0, 0.0, 0.0, 0.0, 0.0, 0.0, 0.0, 0.0, 0.0, 0.09090909090909091, 0.0, 0.0], [0.2222222222222222, 0.07142857142857142, 0.06666666666666667, 0.09090909090909091, 0.5, 0.6666666666666666, 1.0, 0.1111111111111111, 0.1111111111111111, 0.0, 0.5, 0.16666666666666666, 0.14285714285714285, 0.1, 0.0, 0.0, 0.6, 0.14285714285714285, 0.0, 0.125, 0.0, 0.14285714285714285, 0.0, 0.0, 0.0, 0.0, 0.0, 0.0, 0.0, 0.0, 0.0, 0.09090909090909091, 0.0, 0.0], [0.29411764705882354, 0.5, 0.45454545454545453, 0.7142857142857143, 0.125, 0.1111111111111111, 0.1111111111111111, 1.0, 0.25, 0.14285714285714285, 0.125, 0.16666666666666666, 0.3333333333333333, 0.5714285714285714, 0.0, 0.0, 0.0, 0.3333333333333333, 0.0, 0.2857142857142857, 0.0, 0.3333333333333333, 0.0, 0.0, 0.0, 0.0, 0.0, 0.1111111111111111, 0.125, 0.0, 0.125, 0.09090909090909091, 0.058823529411764705, 0.0], [0.15789473684210525, 0.15384615384615385, 0.3333333333333333, 0.2, 0.125, 0.1111111111111111, 0.1111111111111111, 0.25, 1.0, 0.3333333333333333, 0.125, 0.16666666666666666, 0.14285714285714285, 0.375, 0.3333333333333333, 0.3333333333333333, 0.0, 0.14285714285714285, 0.3333333333333333, 0.2857142857142857, 0.3333333333333333, 0.14285714285714285, 0.3333333333333333, 0.2222222222222222, 0.0, 0.0, 0.14285714285714285, 0.25, 0.2857142857142857, 0.25, 0.2857142857142857, 0.3333333333333333, 0.2857142857142857, 0.15], [0.05263157894736842, 0.08333333333333333, 0.16666666666666666, 0.1111111111111111, 0.0, 0.0, 0.0, 0.14285714285714285, 0.3333333333333333, 1.0, 0.0, 0.0, 0.0, 0.2857142857142857, 0.2, 0.2, 0.0, 0.0, 0.2, 0.16666666666666666, 0.2, 0.0, 0.2, 0.125, 0.0, 0.0, 0.2, 0.3333333333333333, 0.4, 0.14285714285714285, 0.16666666666666666, 0.1111111111111111, 0.14285714285714285, 0.10526315789473684], [0.23529411764705882, 0.07692307692307693, 0.07142857142857142, 0.1, 0.6, 0.5, 0.5, 0.125, 0.125, 0.0, 1.0, 0.2, 0.16666666666666666, 0.1111111111111111, 0.0, 0.0, 0.16666666666666666, 0.16666666666666666, 0.0, 0.14285714285714285, 0.0, 0.16666666666666666, 0.0, 0.0, 0.0, 0.0, 0.0, 0.0, 0.0, 0.0, 0.0, 0.1, 0.0, 0.0], [0.11764705882352941, 0.09090909090909091, 0.08333333333333333, 0.125, 0.2, 0.16666666666666666, 0.16666666666666666, 0.16666666666666666, 0.16666666666666666, 0.0, 0.2, 1.0, 0.25, 0.14285714285714285, 0.0, 0.0, 0.0, 0.25, 0.0, 0.2, 0.0, 0.25, 0.0, 0.0, 0.0, 0.0, 0.0, 0.0, 0.0, 0.0, 0.0, 0.125, 0.0, 0.0], [0.17647058823529413, 0.18181818181818182, 0.16666666666666666, 0.42857142857142855, 0.16666666666666666, 0.14285714285714285, 0.14285714285714285, 0.3333333333333333, 0.14285714285714285, 0.0, 0.16666666666666666, 0.25, 1.0, 0.2857142857142857, 0.0, 0.0, 0.0, 0.2, 0.0, 0.16666666666666666, 0.0, 0.2, 0.0, 0.0, 0.0, 0.0, 0.0, 0.0, 0.0, 0.0, 0.0, 0.1111111111111111, 0.0, 0.0], [0.2777777777777778, 0.45454545454545453, 0.4166666666666667, 0.625, 0.1111111111111111, 0.1, 0.1, 0.5714285714285714, 0.375, 0.2857142857142857, 0.1111111111111111, 0.14285714285714285, 0.2857142857142857, 1.0, 0.125, 0.125, 0.0, 0.2857142857142857, 0.125, 0.42857142857142855, 0.125, 0.2857142857142857, 0.125, 0.09090909090909091, 0.0, 0.0, 0.125, 0.2222222222222222, 0.25, 0.1, 0.25, 0.18181818181818182, 0.11764705882352941, 0.09090909090909091], [0.0, 0.0, 0.07692307692307693, 0.0, 0.0, 0.0, 0.0, 0.0, 0.3333333333333333, 0.2, 0.0, 0.0, 0.0, 0.125, 1.0, 0.5, 0.0, 0.0, 0.5, 0.16666666666666666, 0.5, 0.0, 0.5, 0.2857142857142857, 0.0, 0.0, 0.2, 0.14285714285714285, 0.16666666666666666, 0.3333333333333333, 0.4, 0.25, 0.23076923076923078, 0.16666666666666666], [0.0, 0.0, 0.07692307692307693, 0.0, 0.0, 0.0, 0.0, 0.0, 0.3333333333333333, 0.2, 0.0, 0.0, 0.0, 0.125, 0.5, 1.0, 0.0, 0.0, 0.5, 0.16666666666666666, 0.5, 0.0, 0.5, 0.2857142857142857, 0.0, 0.0, 0.2, 0.14285714285714285, 0.16666666666666666, 0.3333333333333333, 0.4, 0.25, 0.23076923076923078, 0.16666666666666666], [0.1111111111111111, 0.0, 0.0, 0.0, 0.16666666666666666, 0.6, 0.6, 0.0, 0.0, 0.0, 0.16666666666666666, 0.0, 0.0, 0.0, 0.0, 0.0, 1.0, 0.0, 0.0, 0.0, 0.0, 0.0, 0.0, 0.0, 0.0, 0.0, 0.0, 0.0, 0.0, 0.0, 0.0, 0.0, 0.0, 0.0], [0.17647058823529413, 0.3, 0.16666666666666666, 0.25, 0.16666666666666666, 0.14285714285714285, 0.14285714285714285, 0.3333333333333333, 0.14285714285714285, 0.0, 0.16666666666666666, 0.25, 0.2, 0.2857142857142857, 0.0, 0.0, 0.0, 1.0, 0.0, 0.4, 0.0, 0.5, 0.0, 0.0, 0.0, 0.0, 0.0, 0.0, 0.0, 0.0, 0.16666666666666666, 0.1111111111111111, 0.0, 0.0], [0.0, 0.0, 0.07692307692307693, 0.0, 0.0, 0.0, 0.0, 0.0, 0.3333333333333333, 0.2, 0.0, 0.0, 0.0, 0.125, 0.5, 0.5, 0.0, 0.0, 1.0, 0.16666666666666666, 0.5, 0.0, 0.5, 0.2857142857142857, 0.0, 0.0, 0.2, 0.14285714285714285, 0.16666666666666666, 0.3333333333333333, 0.4, 0.25, 0.23076923076923078, 0.16666666666666666], [0.16666666666666666, 0.2727272727272727, 0.15384615384615385, 0.2222222222222222, 0.14285714285714285, 0.125, 0.125, 0.2857142857142857, 0.2857142857142857, 0.16666666666666666, 0.14285714285714285, 0.2, 0.16666666666666666, 0.42857142857142855, 0.16666666666666666, 0.16666666666666666, 0.0, 0.4, 0.16666666666666666, 1.0, 0.16666666666666666, 0.4, 0.16666666666666666, 0.1111111111111111, 0.0, 0.0, 0.16666666666666666, 0.125, 0.14285714285714285, 0.125, 0.3333333333333333, 0.2222222222222222, 0.0625, 0.1], [0.0, 0.0, 0.07692307692307693, 0.0, 0.0, 0.0, 0.0, 0.0, 0.3333333333333333, 0.2, 0.0, 0.0, 0.0, 0.125, 0.5, 0.5, 0.0, 0.0, 0.5, 0.16666666666666666, 1.0, 0.0, 0.5, 0.2857142857142857, 0.0, 0.0, 0.2, 0.14285714285714285, 0.16666666666666666, 0.3333333333333333, 0.4, 0.25, 0.23076923076923078, 0.16666666666666666], [0.17647058823529413, 0.3, 0.16666666666666666, 0.25, 0.16666666666666666, 0.14285714285714285, 0.14285714285714285, 0.3333333333333333, 0.14285714285714285, 0.0, 0.16666666666666666, 0.25, 0.2, 0.2857142857142857, 0.0, 0.0, 0.0, 0.5, 0.0, 0.4, 0.0, 1.0, 0.0, 0.0, 0.0, 0.0, 0.0, 0.0, 0.0, 0.0, 0.16666666666666666, 0.1111111111111111, 0.0, 0.0], [0.0, 0.0, 0.07692307692307693, 0.0, 0.0, 0.0, 0.0, 0.0, 0.3333333333333333, 0.2, 0.0, 0.0, 0.0, 0.125, 0.5, 0.5, 0.0, 0.0, 0.5, 0.16666666666666666, 0.5, 0.0, 1.0, 0.2857142857142857, 0.0, 0.0, 0.2, 0.14285714285714285, 0.16666666666666666, 0.3333333333333333, 0.4, 0.25, 0.23076923076923078, 0.16666666666666666], [0.0, 0.0, 0.13333333333333333, 0.0, 0.0, 0.0, 0.0, 0.0, 0.2222222222222222, 0.125, 0.0, 0.0, 0.0, 0.09090909090909091, 0.2857142857142857, 0.2857142857142857, 0.0, 0.0, 0.2857142857142857, 0.1111111111111111, 0.2857142857142857, 0.0, 0.2857142857142857, 1.0, 0.25, 0.25, 0.2857142857142857, 0.375, 0.1111111111111111, 0.5714285714285714, 0.25, 0.3, 0.26666666666666666, 0.2631578947368421], [0.05, 0.0, 0.07142857142857142, 0.0, 0.0, 0.0, 0.0, 0.0, 0.0, 0.0, 0.0, 0.0, 0.0, 0.0, 0.0, 0.0, 0.0, 0.0, 0.0, 0.0, 0.0, 0.0, 0.0, 0.25, 1.0, 0.6, 0.0, 0.2857142857142857, 0.14285714285714285, 0.0, 0.0, 0.375, 0.0625, 0.1], [0.05, 0.0, 0.0, 0.0, 0.0, 0.0, 0.0, 0.0, 0.0, 0.0, 0.0, 0.0, 0.0, 0.0, 0.0, 0.0, 0.0, 0.0, 0.0, 0.0, 0.0, 0.0, 0.0, 0.25, 0.6, 1.0, 0.0, 0.2857142857142857, 0.14285714285714285, 0.125, 0.0, 0.375, 0.13333333333333333, 0.1], [0.0, 0.0, 0.0, 0.0, 0.0, 0.0, 0.0, 0.0, 0.14285714285714285, 0.2, 0.0, 0.0, 0.0, 0.125, 0.2, 0.2, 0.0, 0.0, 0.2, 0.16666666666666666, 0.2, 0.0, 0.2, 0.2857142857142857, 0.0, 0.0, 1.0, 0.14285714285714285, 0.16666666666666666, 0.6, 0.16666666666666666, 0.1111111111111111, 0.14285714285714285, 0.16666666666666666], [0.047619047619047616, 0.07142857142857142, 0.14285714285714285, 0.09090909090909091, 0.0, 0.0, 0.0, 0.1111111111111111, 0.25, 0.3333333333333333, 0.0, 0.0, 0.0, 0.2222222222222222, 0.14285714285714285, 0.14285714285714285, 0.0, 0.0, 0.14285714285714285, 0.125, 0.14285714285714285, 0.0, 0.14285714285714285, 0.375, 0.2857142857142857, 0.2857142857142857, 0.14285714285714285, 1.0, 0.2857142857142857, 0.25, 0.125, 0.2, 0.2, 0.15], [0.10526315789473684, 0.07692307692307693, 0.15384615384615385, 0.1, 0.0, 0.0, 0.0, 0.125, 0.2857142857142857, 0.4, 0.0, 0.0, 0.0, 0.25, 0.16666666666666666, 0.16666666666666666, 0.0, 0.0, 0.16666666666666666, 0.14285714285714285, 0.16666666666666666, 0.0, 0.16666666666666666, 0.1111111111111111, 0.14285714285714285, 0.14285714285714285, 0.16666666666666666, 0.2857142857142857, 1.0, 0.125, 0.14285714285714285, 0.375, 0.21428571428571427, 0.15789473684210525], [0.0, 0.0, 0.06666666666666667, 0.0, 0.0, 0.0, 0.0, 0.0, 0.25, 0.14285714285714285, 0.0, 0.0, 0.0, 0.1, 0.3333333333333333, 0.3333333333333333, 0.0, 0.0, 0.3333333333333333, 0.125, 0.3333333333333333, 0.0, 0.3333333333333333, 0.5714285714285714, 0.0, 0.125, 0.6, 0.25, 0.125, 1.0, 0.2857142857142857, 0.2, 0.2857142857142857, 0.2777777777777778], [0.05, 0.16666666666666666, 0.15384615384615385, 0.1, 0.0, 0.0, 0.0, 0.125, 0.2857142857142857, 0.16666666666666666, 0.0, 0.0, 0.0, 0.25, 0.4, 0.4, 0.0, 0.16666666666666666, 0.4, 0.3333333333333333, 0.4, 0.16666666666666666, 0.4, 0.25, 0.0, 0.0, 0.16666666666666666, 0.125, 0.14285714285714285, 0.2857142857142857, 1.0, 0.2222222222222222, 0.21428571428571427, 0.15789473684210525], [0.09090909090909091, 0.0625, 0.2, 0.07692307692307693, 0.1, 0.09090909090909091, 0.09090909090909091, 0.09090909090909091, 0.3333333333333333, 0.1111111111111111, 0.1, 0.125, 0.1111111111111111, 0.18181818181818182, 0.25, 0.25, 0.0, 0.1111111111111111, 0.25, 0.2222222222222222, 0.25, 0.1111111111111111, 0.25, 0.3, 0.375, 0.375, 0.1111111111111111, 0.2, 0.375, 0.2, 0.2222222222222222, 1.0, 0.17647058823529413, 0.19047619047619047], [0.1111111111111111, 0.09523809523809523, 0.14285714285714285, 0.05263157894736842, 0.0, 0.0, 0.0, 0.058823529411764705, 0.2857142857142857, 0.14285714285714285, 0.0, 0.0, 0.0, 0.11764705882352941, 0.23076923076923078, 0.23076923076923078, 0.0, 0.0, 0.23076923076923078, 0.0625, 0.23076923076923078, 0.0, 0.23076923076923078, 0.26666666666666666, 0.0625, 0.13333333333333333, 0.14285714285714285, 0.2, 0.21428571428571427, 0.2857142857142857, 0.21428571428571427, 0.17647058823529413, 1.0, 0.631578947368421], [0.12903225806451613, 0.12, 0.2608695652173913, 0.041666666666666664, 0.0, 0.0, 0.0, 0.0, 0.15, 0.10526315789473684, 0.0, 0.0, 0.0, 0.09090909090909091, 0.16666666666666666, 0.16666666666666666, 0.0, 0.0, 0.16666666666666666, 0.1, 0.16666666666666666, 0.0, 0.16666666666666666, 0.2631578947368421, 0.1, 0.1, 0.16666666666666666, 0.15, 0.15789473684210525, 0.2777777777777778, 0.15789473684210525, 0.19047619047619047, 0.631578947368421, 1.0]]



Algorisme : multilevel
Comunitats : Clustering with 34 elements and 4 clusters
[0] 4, 5, 6, 10, 16
[1] 0, 1, 2, 3, 7, 9, 11, 12, 13, 17, 19, 21
[2] 23, 24, 25, 27, 28, 31
[3] 8, 14, 15, 18, 20, 22, 26, 29, 30, 32, 33
Temps d'execusio : 0.991106033325
Modularitat : 0.418803418803

Algorisme : fastgreedy
Comunitats : Clustering with 34 elements and 4 clusters
[0] 0, 4, 5, 6, 10, 11, 16, 19
[1] 1, 2, 3, 7, 9, 12, 13, 17, 21
[2] 8, 14, 15, 18, 20, 22, 23, 26, 27, 29, 30, 32, 33
[3] 24, 25, 28, 31
Temps d'execusio : 0.389814376831
Modularitat : 0.392899308484

Algorisme : walktrap
Comunitats : Clustering with 34 elements and 5 clusters
[0] 0, 1, 3, 7, 11, 12, 13, 17, 19, 21
[1] 2, 8, 9, 28, 31
[2] 4, 5, 6, 10, 16
[3] 14, 15, 18, 20, 22, 26, 29, 30, 32, 33
[4] 23, 24, 25, 27
Temps d'execusio : 0.602960586548
Modularitat : 0.387164783269

Algorisme : spinglass
Comunitats : Clustering with 34 elements and 4 clusters
[0] 4, 5, 6, 10, 16
[1] 8, 9, 14, 15, 18, 20, 22, 26, 29, 30, 32, 33
[2] 0, 1, 2, 3, 7, 11, 12, 13, 17, 19, 21
[3] 23, 24, 25, 27, 28, 31
Temps d'execusio : 587.759017944
Modularitat : 0.417439703154

Algorisme : labelpropagation
Comunitats : Clustering with 34 elements and 3 clusters
[0] 0, 1, 2, 3, 7, 9, 11, 12, 13, 17, 19, 21
[1] 4, 5, 6, 10, 16
[2] 8, 14, 15, 18, 20, 22, 23, 24, 25, 26, 27, 28, 29, 30, 31, 32, 33
Temps d'execusio : 0.777959823608
Modularitat : 0.401754090066

Algorisme : infomap
Comunitats : Clustering with 34 elements and 3 clusters
[0] 9, 14, 15, 18, 20, 22, 23, 24, 25, 26, 27, 28, 29, 30, 31, 32, 33
[1] 0, 1, 2, 3, 7, 8, 11, 12, 13, 17, 19, 21
[2] 4, 5, 6, 10, 16
Temps d'execusio : 18.6910629272
Modularitat : 0.403778040142

Algorisme : edgebettweenness
Comunitats : Clustering with 34 elements and 5 clusters
[0] 0, 1, 3, 7, 11, 12, 13, 17, 19, 21
[1] 2, 24, 25, 27, 28, 31
[2] 4, 5, 6, 10, 16
[3] 8, 14, 15, 18, 20, 22, 23, 26, 29, 30, 32, 33
[4] 9
Temps d'execusio : 6.3328742981
Modularitat : 0.39947714623

Algorisme : cfinder
Comunitats : Clustering with 34 elements and 4 clusters
[0] 9, 11
[1] 1, 2, 3, 7, 8, 12, 13, 14, 15, 17, 18, 19, 20, 21, 22, 23, 26, 27, 28, 29,
    30, 32, 33
[2] 0, 4, 5, 6, 10, 16
[3] 24, 25, 31
Temps d'execusio : 920.557975769
Modularitat : 0.220863552032